100 10000
10 86 12 
91 1 21 
23 21 79 
75 21 67 
69 41 6 
21 16 4 
46 7 19 
44 21 38 
52 41 33 
6 41 45 
44 17 26 
47 3 24 
9 66 18 
90 89 45 
56 71 23 
18 21 83 
22 14 40 
83 52 25 
20 87 73 
85 45 89 
29 70 12 
92 65 47 
36 64 38 
90 51 7 
38 88 32 
31 80 61 
93 15 11 
43 90 40 
13 48 34 
47 84 18 
60 52 2 
3 11 58 
21 95 12 
8 28 39 
77 58 86 
62 47 37 
39 26 98 
14 2 10 
62 65 40 
71 13 31 
83 96 10 
5 53 72 
59 90 42 
56 82 54 
9 87 57 
80 72 22 
13 23 35 
36 99 66 
77 88 70 
63 51 18 
5 76 64 
1 87 88 
4 42 18 
9 53 4 
51 90 86 
76 56 72 
56 37 58 
4 24 74 
56 23 21 
76 87 58 
39 39 73 
76 65 71 
60 31 2 
23 4 68 
19 11 91 
3 44 77 
67 30 74 
26 50 42 
3 5 54 
95 96 96 
74 8 93 
74 26 26 
43 51 10 
33 51 94 
31 63 19 
57 91 13 
89 78 56 
20 29 28 
49 47 47 
17 53 70 
27 17 35 
63 46 60 
81 4 75 
72 94 62 
64 69 77 
62 57 61 
20 41 96 
96 39 60 
3 92 83 
82 73 93 
72 61 26 
98 6 33 
41 55 50 
73 80 54 
36 91 37 
72 78 65 
87 41 28 
86 4 16 
75 36 90 
93 47 16 
34 99 92 
75 32 66 
56 88 36 
86 46 3 
71 35 37 
51 56 45 
41 86 75 
3 63 44 
16 52 91 
42 63 69 
33 86 30 
9 81 9 
80 5 23 
80 15 27 
22 28 25 
24 14 7 
21 78 85 
59 74 44 
15 38 38 
37 30 44 
57 94 76 
90 50 48 
54 70 94 
86 66 95 
42 97 31 
18 89 77 
66 68 99 
70 14 77 
32 92 87 
83 34 32 
24 69 82 
60 34 3 
34 56 47 
24 5 7 
54 24 29 
84 7 86 
95 5 58 
15 4 4 
99 43 23 
62 88 70 
11 67 91 
19 60 100 
84 23 68 
87 24 59 
92 70 69 
62 34 1 
81 8 20 
98 39 52 
97 59 3 
58 2 41 
55 79 31 
1 57 10 
87 24 55 
36 96 27 
5 87 55 
77 37 29 
77 51 14 
80 52 78 
77 93 13 
37 17 24 
84 99 94 
12 40 14 
7 37 19 
90 72 6 
58 34 19 
62 3 50 
88 26 94 
39 55 93 
92 82 24 
61 15 22 
29 81 52 
23 55 57 
28 11 52 
62 85 87 
36 98 60 
11 86 26 
76 78 39 
100 3 86 
29 34 81 
60 5 20 
71 61 14 
66 88 74 
21 72 13 
70 32 29 
22 57 22 
14 57 1 
17 76 84 
92 95 48 
99 88 48 
13 44 5 
29 29 58 
67 54 89 
25 76 30 
96 52 97 
39 3 39 
34 8 65 
76 100 47 
67 79 60 
88 36 81 
85 41 17 
70 7 28 
22 84 58 
73 50 31 
21 22 88 
70 17 59 
33 3 9 
23 61 50 
5 85 24 
46 8 32 
54 93 65 
22 81 6 
32 24 15 
48 4 12 
63 12 6 
5 85 23 
85 50 43 
50 22 26 
28 85 84 
97 92 21 
69 3 84 
97 85 69 
95 85 22 
12 33 11 
16 12 21 
44 92 50 
89 78 26 
40 47 22 
75 3 53 
49 65 6 
7 36 53 
49 98 69 
26 37 30 
76 26 76 
63 3 47 
36 77 31 
88 12 76 
27 94 44 
84 29 77 
96 48 89 
61 25 88 
83 45 19 
89 23 64 
93 86 53 
52 28 39 
47 28 9 
47 80 63 
77 37 13 
63 20 85 
39 6 54 
44 69 8 
8 61 11 
29 24 9 
50 74 75 
73 100 46 
72 45 14 
20 84 52 
11 74 26 
34 97 39 
35 64 82 
1 5 7 
36 37 30 
2 44 30 
16 52 96 
51 79 11 
33 95 87 
41 100 97 
36 66 85 
34 32 89 
35 93 66 
27 95 78 
62 83 10 
70 92 8 
21 92 96 
47 58 61 
69 53 49 
54 50 24 
25 55 73 
8 62 89 
83 94 90 
32 21 17 
80 71 44 
62 95 32 
49 94 67 
68 46 81 
99 20 11 
45 1 2 
63 2 68 
38 84 43 
79 34 22 
47 66 78 
89 73 92 
96 32 72 
28 2 62 
9 83 49 
89 54 2 
88 33 95 
98 17 27 
1 10 100 
99 19 59 
41 18 13 
66 89 11 
23 47 46 
41 98 34 
78 82 89 
68 6 65 
43 35 1 
13 78 25 
82 22 99 
19 83 89 
22 36 24 
62 10 73 
88 78 96 
66 99 22 
20 22 71 
49 18 60 
66 45 9 
50 13 86 
62 1 9 
26 72 49 
22 73 63 
17 20 85 
22 63 32 
54 61 29 
68 88 83 
98 26 24 
32 3 5 
57 16 5 
79 83 60 
43 99 50 
81 68 81 
65 80 59 
100 4 30 
38 96 24 
95 69 59 
65 89 5 
64 41 34 
41 71 48 
82 10 49 
87 6 73 
14 4 75 
11 6 41 
77 73 3 
90 79 81 
88 67 66 
78 66 68 
16 89 50 
90 41 37 
33 63 48 
93 98 21 
58 41 84 
82 20 56 
6 28 78 
58 95 65 
60 43 87 
53 52 47 
87 100 57 
86 89 15 
54 16 52 
54 83 5 
72 57 23 
68 32 81 
52 27 61 
21 11 57 
55 19 24 
53 100 65 
76 27 59 
83 88 42 
45 47 56 
32 77 10 
3 34 65 
52 9 31 
31 31 62 
25 54 26 
17 32 82 
55 14 46 
58 48 76 
16 34 1 
63 47 83 
58 28 59 
67 18 20 
56 20 8 
3 54 79 
68 95 73 
23 25 80 
77 34 61 
31 29 23 
84 89 71 
59 83 27 
5 37 38 
98 15 40 
41 18 2 
52 58 71 
33 4 14 
84 1 50 
67 89 43 
81 4 15 
58 24 83 
67 42 98 
2 63 20 
9 1 11 
100 43 26 
49 56 99 
75 86 91 
91 95 2 
43 59 88 
17 96 94 
45 60 52 
28 14 17 
40 71 97 
56 15 81 
12 20 65 
48 38 57 
78 99 7 
79 47 37 
80 43 68 
52 47 31 
97 56 91 
49 22 18 
46 62 18 
22 28 87 
67 65 43 
14 8 79 
16 27 49 
85 38 15 
16 28 40 
29 31 66 
98 25 6 
89 59 14 
34 11 26 
34 85 5 
53 47 78 
66 52 58 
86 51 55 
60 39 18 
77 96 35 
41 40 33 
50 52 77 
77 17 23 
73 21 90 
94 72 88 
42 3 23 
84 58 81 
84 63 66 
50 13 69 
9 28 58 
87 11 76 
54 44 8 
81 22 33 
10 74 84 
86 38 88 
99 37 47 
68 15 68 
46 17 4 
85 86 26 
43 2 27 
96 88 68 
97 5 96 
36 84 78 
13 13 31 
53 13 5 
5 34 66 
20 98 88 
77 82 47 
30 47 44 
52 13 52 
94 18 51 
97 9 90 
52 92 81 
100 77 38 
47 99 6 
21 18 55 
6 48 91 
44 75 7 
43 96 100 
2 67 56 
81 81 39 
32 98 29 
74 53 97 
64 74 3 
1 84 30 
38 70 4 
96 74 47 
36 30 28 
84 53 39 
52 21 12 
63 16 4 
12 87 44 
61 51 48 
70 3 43 
90 66 70 
56 5 30 
56 16 50 
78 38 55 
87 43 50 
39 1 8 
23 2 14 
47 59 1 
68 70 69 
86 84 16 
71 8 65 
13 34 17 
73 97 61 
5 68 49 
76 17 43 
19 56 17 
95 34 13 
39 98 54 
47 37 44 
18 45 77 
86 56 16 
51 95 75 
24 54 26 
5 2 93 
76 87 94 
92 96 38 
26 41 33 
42 43 4 
32 49 40 
19 76 57 
39 69 6 
73 70 65 
74 67 38 
71 2 97 
74 62 23 
4 95 3 
85 71 35 
68 25 72 
9 100 46 
95 53 69 
30 14 75 
22 74 13 
13 53 42 
88 47 2 
70 47 37 
79 95 22 
18 54 18 
34 54 85 
39 15 63 
82 76 71 
42 60 94 
94 25 43 
46 63 24 
73 68 51 
25 58 37 
40 23 39 
47 15 21 
72 44 83 
15 60 96 
45 64 6 
85 69 25 
75 31 27 
13 48 83 
48 60 97 
54 32 4 
89 83 80 
72 33 67 
63 96 85 
37 19 100 
18 87 86 
41 14 8 
13 29 89 
50 38 36 
51 53 56 
59 1 67 
52 58 77 
15 18 92 
46 60 37 
7 16 15 
28 61 38 
15 5 89 
33 21 95 
62 76 6 
48 14 65 
58 86 68 
77 88 78 
10 54 56 
8 40 73 
61 7 54 
7 76 44 
54 85 63 
24 89 9 
42 51 10 
39 24 86 
71 48 82 
27 97 75 
97 47 59 
40 46 89 
37 67 71 
79 55 67 
61 32 12 
58 85 61 
49 55 45 
50 59 71 
43 45 27 
54 71 50 
97 61 79 
23 41 13 
78 90 96 
6 14 49 
66 46 46 
3 29 64 
25 95 78 
35 7 12 
43 35 97 
48 29 26 
36 40 61 
9 48 73 
7 99 58 
59 89 89 
30 89 11 
28 57 50 
80 22 57 
54 72 65 
81 53 15 
71 7 44 
98 99 76 
37 58 13 
5 66 32 
87 84 20 
23 55 80 
56 53 62 
5 8 63 
87 56 33 
41 46 89 
52 41 28 
9 30 6 
42 31 20 
77 28 18 
8 46 75 
58 55 57 
28 85 25 
74 100 52 
46 59 2 
85 34 48 
11 44 42 
30 23 99 
99 76 13 
58 99 16 
30 29 85 
86 31 15 
6 33 88 
86 49 91 
77 4 71 
28 74 17 
25 78 12 
94 34 71 
21 9 8 
4 48 37 
39 76 3 
76 49 84 
87 82 9 
34 60 29 
39 94 7 
18 72 22 
71 75 40 
33 18 93 
52 14 41 
5 77 13 
68 91 16 
94 61 59 
15 68 59 
65 46 71 
43 81 78 
8 3 47 
78 27 55 
1 84 53 
47 96 7 
60 93 9 
9 28 17 
42 84 98 
74 9 91 
99 81 49 
31 94 46 
58 50 80 
30 2 45 
28 27 44 
79 55 20 
80 90 86 
30 51 35 
71 21 86 
81 78 42 
100 30 18 
77 38 9 
20 63 94 
2 93 71 
40 69 1 
6 85 28 
5 36 90 
85 95 33 
37 88 94 
72 97 45 
98 78 75 
5 40 52 
11 91 1 
63 21 26 
1 31 81 
23 26 26 
69 3 12 
84 7 18 
80 18 55 
95 21 42 
50 73 16 
22 4 16 
48 7 1 
9 1 14 
84 67 94 
56 44 17 
31 68 83 
60 46 63 
47 22 30 
66 90 5 
30 14 75 
86 43 81 
61 13 32 
81 10 94 
11 28 75 
60 87 82 
14 87 55 
6 40 83 
80 43 78 
30 45 84 
81 26 47 
45 33 36 
22 91 28 
53 45 18 
35 86 79 
25 95 84 
27 7 30 
5 40 84 
1 45 64 
40 67 93 
87 81 88 
6 78 50 
19 26 23 
4 30 71 
79 57 30 
61 72 33 
39 50 36 
92 99 17 
47 19 15 
97 13 21 
51 26 50 
82 94 19 
52 14 86 
61 82 5 
83 90 78 
51 88 86 
62 5 8 
6 71 79 
33 4 97 
22 88 87 
31 35 30 
72 60 57 
26 97 100 
23 99 19 
47 49 79 
43 64 7 
49 4 30 
66 44 75 
14 40 18 
71 34 54 
73 97 49 
63 92 96 
90 76 7 
68 57 30 
11 56 57 
21 89 26 
98 51 32 
35 8 79 
92 8 81 
53 100 53 
20 1 90 
10 99 100 
53 7 16 
95 27 29 
81 37 64 
27 48 30 
90 81 57 
24 94 8 
32 43 88 
73 62 96 
98 60 48 
71 65 96 
7 60 30 
94 82 61 
41 44 8 
3 16 34 
81 19 27 
88 43 92 
12 18 30 
12 63 62 
82 71 49 
33 82 26 
2 33 10 
100 38 2 
1 44 96 
66 26 86 
94 4 90 
2 83 3 
14 95 91 
4 28 36 
89 22 93 
54 63 33 
25 26 71 
41 100 81 
6 18 75 
95 75 79 
76 96 68 
84 69 32 
93 5 40 
6 100 58 
90 38 31 
19 79 62 
19 50 8 
11 25 50 
94 39 29 
93 42 28 
74 72 73 
85 55 69 
67 85 69 
73 83 29 
23 53 74 
100 39 16 
100 58 80 
46 7 98 
47 91 28 
98 31 86 
49 27 98 
37 62 56 
45 50 20 
76 54 91 
7 12 49 
97 14 89 
56 86 54 
69 26 11 
83 8 13 
8 75 90 
65 28 48 
78 88 87 
89 95 51 
88 6 95 
4 74 5 
88 77 19 
35 100 56 
43 60 33 
22 50 47 
18 86 99 
89 16 33 
18 20 25 
66 1 1 
38 88 13 
18 75 93 
21 59 43 
47 69 85 
23 3 3 
76 77 10 
99 53 36 
32 84 73 
22 31 42 
18 55 8 
1 73 50 
75 50 73 
74 42 92 
18 8 3 
51 93 43 
37 64 32 
10 15 59 
11 1 64 
88 76 1 
18 11 43 
2 49 41 
60 40 60 
65 36 92 
72 10 8 
74 69 79 
54 52 88 
20 97 45 
95 57 30 
10 8 65 
8 28 12 
37 39 82 
97 36 66 
91 69 45 
74 12 87 
89 61 35 
63 58 41 
2 11 90 
64 53 93 
37 82 68 
98 28 85 
8 14 18 
14 48 91 
1 49 24 
90 90 38 
56 77 88 
71 53 28 
86 36 69 
42 78 62 
28 38 64 
93 65 86 
23 100 56 
48 61 91 
71 66 26 
44 85 68 
44 60 81 
48 86 76 
49 88 89 
93 48 93 
60 95 92 
50 70 61 
77 95 14 
15 6 34 
25 75 53 
58 71 17 
51 35 39 
85 88 77 
85 65 24 
32 75 19 
76 55 87 
6 11 85 
9 93 90 
77 98 79 
33 84 85 
53 52 25 
89 32 65 
60 75 26 
61 91 37 
10 93 25 
12 86 73 
37 23 59 
48 94 48 
73 52 11 
47 73 13 
20 31 15 
42 95 69 
59 100 26 
12 37 33 
73 99 19 
59 35 38 
64 15 31 
1 60 32 
20 76 54 
51 16 71 
80 96 24 
81 1 97 
39 9 96 
45 35 2 
20 69 92 
9 22 100 
97 88 82 
25 90 10 
88 60 2 
42 69 11 
97 10 75 
16 3 26 
74 96 74 
15 19 8 
29 33 53 
85 54 85 
72 87 91 
53 10 94 
45 100 57 
15 22 16 
77 22 10 
46 51 18 
87 100 15 
54 80 17 
57 59 43 
5 41 83 
89 60 81 
24 52 55 
71 28 40 
17 11 17 
67 79 27 
90 56 45 
53 7 51 
69 47 84 
54 16 92 
86 87 30 
98 17 48 
26 76 17 
4 60 74 
14 93 64 
29 94 18 
29 46 12 
98 24 55 
37 56 51 
81 72 79 
61 85 82 
42 54 45 
78 38 18 
75 64 17 
1 74 17 
78 80 66 
82 61 25 
58 78 99 
35 51 5 
26 62 87 
91 27 37 
26 56 86 
10 44 9 
75 12 1 
71 88 40 
57 99 44 
55 14 44 
32 41 25 
94 97 86 
74 87 35 
79 92 29 
79 92 8 
64 52 90 
48 45 65 
57 7 95 
52 45 49 
64 43 56 
92 22 77 
60 9 39 
91 78 38 
87 34 37 
4 46 76 
81 28 75 
97 43 77 
74 4 21 
38 11 12 
95 48 25 
97 93 58 
7 43 82 
67 34 61 
69 10 20 
96 42 56 
59 91 38 
12 53 11 
3 27 27 
17 77 6 
98 1 14 
89 4 80 
99 44 37 
91 59 64 
45 10 67 
2 15 83 
23 77 48 
28 71 66 
65 36 34 
93 89 2 
95 1 65 
59 22 23 
45 31 36 
21 22 35 
63 15 14 
30 42 90 
41 42 91 
93 86 45 
84 47 24 
26 9 25 
42 18 80 
22 83 47 
21 30 65 
91 36 85 
87 10 65 
50 100 97 
68 59 65 
28 36 47 
98 3 23 
70 39 15 
5 6 22 
86 18 32 
58 77 96 
51 20 59 
54 73 51 
53 56 4 
66 85 87 
69 30 49 
45 44 43 
41 48 27 
10 26 30 
55 13 21 
53 37 20 
67 46 51 
98 87 53 
97 19 28 
74 35 71 
11 99 52 
56 34 46 
27 22 72 
27 39 31 
94 72 53 
58 83 93 
100 39 30 
42 98 44 
81 12 6 
9 53 72 
64 100 1 
77 31 74 
29 73 71 
9 8 61 
34 29 17 
70 100 97 
61 38 63 
68 79 7 
79 100 45 
63 79 98 
76 5 39 
14 83 6 
59 75 20 
63 4 6 
7 25 42 
23 36 21 
91 32 75 
26 10 8 
58 21 28 
76 37 46 
32 93 56 
39 27 26 
1 51 95 
94 75 70 
59 30 50 
45 23 10 
33 94 19 
12 7 18 
46 1 2 
48 91 47 
58 93 56 
32 80 87 
30 4 63 
43 91 8 
18 12 39 
16 35 89 
19 73 59 
90 6 51 
57 96 2 
45 20 100 
6 67 61 
40 84 6 
3 76 25 
90 5 97 
17 73 20 
35 22 52 
5 91 24 
22 88 7 
50 64 19 
92 70 38 
4 9 17 
20 89 55 
74 4 9 
30 30 61 
83 50 99 
68 24 11 
74 34 92 
96 88 46 
90 45 11 
28 89 39 
55 40 57 
38 4 85 
34 5 26 
89 5 80 
96 96 89 
26 92 84 
87 50 4 
48 95 34 
42 5 35 
30 10 76 
95 51 60 
69 57 7 
45 33 24 
30 12 95 
31 7 19 
81 100 28 
73 20 51 
49 32 79 
76 12 47 
37 17 59 
55 6 50 
23 90 16 
38 56 100 
46 36 59 
49 48 100 
96 87 36 
35 51 59 
19 42 56 
85 43 81 
38 67 95 
11 80 1 
20 31 60 
84 86 93 
16 21 62 
26 41 78 
16 64 29 
37 63 57 
23 51 15 
85 66 22 
42 96 66 
75 4 43 
87 21 89 
88 28 74 
64 17 22 
85 43 98 
2 81 82 
2 96 56 
22 83 69 
4 16 52 
35 79 48 
14 67 71 
51 97 47 
14 39 68 
33 59 9 
53 40 55 
72 86 34 
16 37 33 
29 86 35 
32 99 17 
10 32 29 
41 8 34 
27 37 93 
39 49 31 
66 76 22 
22 66 84 
25 63 71 
61 98 83 
10 57 64 
76 7 87 
31 59 88 
29 85 42 
81 89 67 
12 89 68 
75 29 76 
50 13 51 
14 39 98 
22 47 77 
59 8 10 
19 32 36 
83 91 19 
7 4 78 
12 80 89 
88 88 89 
67 96 5 
49 45 66 
43 2 25 
21 56 57 
59 23 47 
57 2 96 
66 39 19 
65 29 14 
50 92 99 
73 2 98 
44 42 3 
45 35 20 
8 73 50 
78 61 72 
97 68 15 
11 40 76 
3 14 40 
26 83 45 
20 8 63 
36 71 23 
47 33 37 
76 36 79 
33 85 75 
39 73 35 
91 52 82 
10 93 92 
70 49 4 
86 31 56 
86 56 68 
8 49 15 
44 18 37 
85 41 2 
98 51 7 
58 67 41 
79 16 26 
45 12 8 
81 85 61 
88 23 74 
6 66 25 
98 96 68 
45 4 26 
51 28 69 
41 39 81 
83 10 98 
80 60 17 
2 94 96 
31 88 50 
44 83 47 
68 84 31 
64 65 69 
48 45 90 
83 35 71 
5 97 15 
34 16 64 
58 15 73 
18 95 100 
24 69 62 
36 49 40 
40 58 47 
74 14 44 
39 3 72 
94 34 16 
38 50 86 
78 20 18 
87 80 86 
97 82 30 
83 44 67 
25 61 85 
21 73 75 
93 80 94 
59 27 72 
39 39 87 
65 42 21 
81 52 38 
20 77 64 
65 17 63 
59 83 38 
29 38 35 
94 23 54 
11 8 53 
52 55 57 
26 31 15 
82 56 64 
95 83 5 
11 73 27 
55 67 76 
65 45 33 
41 59 66 
78 10 46 
25 43 45 
89 78 86 
13 1 38 
6 80 60 
62 83 54 
55 51 73 
19 78 74 
44 98 57 
85 1 78 
64 65 50 
60 52 19 
91 81 88 
90 39 85 
16 59 4 
43 51 90 
48 7 38 
13 62 55 
26 93 92 
66 83 66 
39 29 91 
40 54 79 
51 65 25 
48 99 48 
24 89 24 
26 81 36 
61 66 93 
52 78 43 
43 19 64 
74 80 21 
71 68 44 
69 28 41 
67 47 65 
64 41 35 
73 45 61 
7 34 78 
88 5 69 
3 7 13 
52 78 87 
64 70 87 
19 82 84 
42 93 22 
61 10 13 
70 8 97 
75 51 83 
10 48 74 
47 53 52 
34 93 67 
19 88 93 
83 45 28 
79 34 43 
55 50 16 
34 90 58 
62 50 32 
16 81 98 
12 2 54 
58 93 98 
2 70 80 
73 74 98 
22 28 21 
60 33 79 
99 21 51 
2 20 100 
3 66 92 
90 81 100 
54 33 52 
12 29 61 
75 19 26 
43 43 94 
6 83 93 
46 58 97 
8 31 24 
87 43 62 
45 43 4 
39 7 40 
38 28 86 
1 58 40 
15 75 100 
19 45 21 
59 20 58 
39 46 98 
77 1 40 
18 7 9 
43 34 14 
5 53 93 
80 66 27 
32 11 92 
34 17 36 
36 8 3 
90 79 18 
64 4 34 
24 3 29 
80 44 13 
30 68 100 
31 92 98 
53 83 35 
89 34 37 
90 58 81 
57 94 98 
17 4 14 
22 3 71 
90 44 51 
5 3 11 
64 76 5 
70 30 23 
9 23 9 
4 48 97 
90 15 90 
32 16 73 
32 53 53 
49 38 7 
61 41 59 
80 19 28 
24 71 95 
79 55 79 
66 12 16 
7 8 17 
84 88 79 
70 99 77 
1 4 24 
80 25 39 
13 95 92 
63 86 44 
13 79 76 
95 32 44 
9 83 34 
32 62 65 
20 5 50 
38 73 40 
58 48 9 
78 86 19 
4 71 13 
29 69 84 
56 8 52 
60 47 62 
47 23 27 
74 59 72 
99 91 30 
51 78 91 
84 29 22 
93 6 92 
13 66 46 
65 49 32 
79 94 48 
18 66 15 
2 94 81 
90 54 60 
85 27 8 
69 93 33 
30 77 55 
60 39 72 
66 26 42 
100 24 32 
10 32 90 
46 64 21 
85 95 80 
96 71 61 
94 99 32 
68 53 11 
14 63 29 
50 59 60 
68 97 4 
70 41 26 
97 57 30 
18 44 94 
66 23 61 
52 16 9 
1 43 6 
62 69 48 
60 24 52 
28 19 58 
41 63 8 
8 38 90 
20 51 98 
14 77 11 
75 56 46 
62 18 59 
86 93 71 
3 35 17 
20 21 20 
95 49 75 
40 35 68 
40 57 63 
75 5 70 
80 45 2 
72 66 48 
8 21 18 
16 50 83 
34 99 65 
58 37 85 
95 15 3 
87 12 41 
14 18 57 
100 58 23 
99 23 40 
85 3 25 
99 31 96 
53 40 50 
90 11 76 
40 33 60 
39 97 2 
76 64 67 
32 6 70 
83 50 15 
75 26 56 
42 27 55 
75 3 38 
84 75 91 
98 69 68 
7 80 41 
34 35 42 
95 2 57 
86 12 70 
15 89 6 
40 10 48 
24 15 34 
78 73 61 
22 97 76 
77 37 63 
22 14 88 
1 10 91 
11 52 28 
2 37 65 
99 77 21 
56 36 53 
82 58 43 
56 86 72 
49 23 62 
79 30 100 
48 14 31 
44 27 4 
16 19 99 
73 81 13 
55 93 14 
26 59 73 
12 85 100 
57 100 10 
26 48 30 
9 5 1 
88 20 47 
63 79 25 
42 85 10 
46 70 43 
24 16 57 
97 27 34 
77 100 72 
75 15 6 
46 89 15 
56 57 36 
4 43 4 
37 69 9 
40 71 27 
39 79 60 
52 93 94 
66 75 7 
5 21 93 
24 84 16 
96 49 19 
48 57 31 
60 4 75 
28 62 34 
33 22 17 
61 90 34 
14 77 57 
34 92 17 
34 38 35 
82 72 45 
4 81 89 
7 38 67 
37 85 69 
30 6 19 
16 68 33 
42 16 79 
33 22 11 
44 34 63 
11 67 75 
9 82 93 
40 100 62 
83 98 96 
9 60 82 
36 54 13 
6 47 62 
90 55 8 
40 84 45 
70 97 51 
38 3 89 
37 13 75 
66 35 9 
97 65 53 
1 73 62 
8 53 52 
88 21 66 
62 23 78 
25 16 10 
6 22 19 
72 86 34 
63 84 67 
12 98 72 
52 35 87 
33 46 78 
7 15 22 
51 27 41 
99 48 7 
74 6 77 
94 11 57 
19 62 88 
100 23 19 
77 43 91 
29 73 20 
100 52 58 
71 74 70 
55 18 61 
75 86 9 
7 20 78 
34 43 8 
60 82 19 
56 47 5 
88 29 98 
44 47 25 
91 60 20 
23 84 47 
84 59 51 
36 11 54 
46 91 25 
62 58 20 
78 90 5 
22 30 50 
23 98 73 
64 76 17 
14 87 71 
55 71 25 
15 86 60 
41 95 64 
60 15 53 
50 82 64 
86 63 97 
95 43 7 
7 45 10 
3 82 73 
19 78 41 
20 93 10 
52 34 53 
93 47 23 
53 4 12 
75 40 67 
44 5 3 
67 51 75 
65 78 98 
77 98 44 
3 64 13 
34 89 28 
94 26 62 
79 47 2 
42 42 60 
54 53 12 
54 38 77 
12 59 32 
14 86 28 
25 21 17 
68 42 58 
17 50 33 
67 19 27 
2 7 52 
85 30 78 
91 28 12 
11 91 95 
32 92 89 
80 64 6 
17 50 61 
55 14 20 
35 82 17 
81 38 79 
52 42 67 
34 53 95 
55 36 61 
80 16 48 
8 81 82 
10 61 64 
23 39 44 
31 8 63 
43 17 23 
15 18 86 
29 6 92 
87 25 81 
53 83 26 
76 9 15 
1 71 68 
35 94 48 
59 94 81 
78 9 94 
20 42 92 
64 45 38 
23 86 22 
9 6 40 
38 68 88 
88 88 99 
54 89 78 
66 78 2 
84 40 13 
81 16 42 
21 64 27 
93 68 99 
66 13 98 
62 25 56 
72 66 28 
93 77 64 
43 30 98 
31 49 68 
71 88 42 
76 82 36 
23 21 90 
55 97 17 
26 23 7 
64 8 8 
7 73 17 
90 1 71 
58 92 29 
27 68 77 
38 39 56 
22 16 67 
4 54 59 
19 79 95 
36 41 34 
48 84 75 
71 10 98 
28 83 10 
5 87 62 
8 23 19 
88 29 51 
91 88 45 
27 36 71 
39 5 21 
80 69 2 
58 45 65 
86 16 53 
46 15 31 
13 20 2 
79 96 64 
73 61 71 
46 54 15 
66 29 2 
34 32 42 
56 93 24 
93 49 5 
14 48 64 
92 71 12 
14 59 67 
70 71 41 
69 13 57 
21 42 49 
92 49 59 
8 38 81 
16 30 36 
92 4 4 
94 60 21 
79 60 20 
28 75 56 
15 57 42 
42 59 24 
9 57 88 
81 62 13 
62 47 51 
91 33 85 
77 37 20 
32 87 15 
59 35 88 
46 25 79 
50 16 3 
15 57 40 
63 11 49 
71 10 89 
70 31 69 
4 44 81 
67 9 82 
89 84 19 
13 60 47 
94 35 98 
71 11 99 
98 32 74 
4 65 11 
77 26 38 
47 91 6 
11 70 84 
8 37 6 
69 13 41 
93 77 16 
100 49 10 
7 96 7 
55 63 93 
45 91 93 
100 97 82 
12 98 63 
48 64 74 
6 53 38 
55 50 77 
70 86 80 
48 85 89 
67 4 37 
38 42 22 
6 48 69 
77 39 28 
76 38 67 
72 29 3 
32 34 54 
33 65 82 
49 36 82 
92 42 59 
85 63 3 
62 56 91 
48 62 99 
65 98 64 
63 96 27 
82 73 62 
62 55 53 
54 37 73 
47 32 91 
7 20 72 
8 100 3 
54 3 17 
69 63 82 
51 16 31 
92 95 25 
83 32 60 
89 92 82 
49 14 33 
60 51 85 
24 16 14 
44 76 37 
31 16 34 
31 57 47 
94 38 98 
66 58 8 
34 73 8 
80 50 36 
52 98 97 
55 12 74 
94 56 38 
61 71 66 
98 35 5 
91 87 68 
54 57 82 
21 83 39 
67 52 6 
32 54 3 
97 4 88 
15 23 4 
6 64 25 
83 6 20 
31 44 23 
96 30 100 
94 29 27 
5 29 49 
19 87 81 
57 60 99 
23 28 87 
87 100 71 
34 41 69 
60 40 22 
23 41 62 
99 91 76 
39 71 60 
14 18 15 
8 75 31 
24 52 87 
59 80 14 
60 32 37 
81 97 11 
83 71 76 
99 78 85 
38 48 60 
83 83 3 
53 51 79 
3 23 64 
40 72 54 
7 66 90 
41 21 90 
89 50 62 
99 32 91 
10 74 56 
39 48 30 
16 26 40 
96 53 16 
63 32 23 
4 33 45 
56 18 29 
28 6 89 
67 24 2 
73 4 67 
15 14 47 
46 1 47 
18 11 84 
62 1 12 
36 68 18 
58 40 17 
88 55 20 
79 49 98 
86 76 48 
40 70 38 
94 13 87 
42 60 35 
36 82 58 
40 41 16 
70 12 98 
2 79 59 
21 80 11 
23 6 14 
75 95 28 
31 21 69 
34 18 81 
29 82 96 
32 64 73 
79 33 53 
45 61 2 
54 82 67 
95 35 44 
72 88 36 
73 48 39 
61 56 13 
96 3 96 
10 30 69 
56 41 59 
6 53 64 
62 8 48 
60 22 95 
61 62 66 
75 31 52 
31 95 34 
3 73 10 
64 89 70 
24 62 44 
2 62 34 
18 82 65 
98 24 12 
48 51 62 
62 33 88 
56 40 80 
5 6 25 
14 13 74 
7 12 78 
42 79 64 
7 17 61 
43 82 5 
47 95 82 
88 9 94 
75 19 28 
77 82 36 
30 12 70 
29 98 43 
33 33 93 
92 41 2 
72 81 66 
49 3 18 
97 8 87 
31 29 51 
69 58 66 
23 90 38 
25 76 56 
63 21 13 
18 22 25 
52 56 60 
31 94 16 
70 50 64 
13 42 28 
66 35 58 
35 2 68 
86 18 79 
95 50 94 
31 11 54 
75 79 12 
50 61 58 
67 63 97 
25 23 92 
91 4 45 
31 24 91 
51 95 17 
99 23 22 
26 97 7 
17 14 60 
60 56 27 
22 17 93 
21 9 43 
66 23 85 
3 31 5 
55 26 99 
98 28 87 
6 85 50 
7 100 59 
6 76 74 
40 67 53 
39 35 81 
44 1 70 
92 72 53 
16 79 40 
76 83 11 
90 13 28 
40 68 42 
39 31 84 
61 65 98 
22 88 57 
79 69 42 
24 47 82 
65 73 57 
59 53 18 
78 96 24 
11 52 30 
83 71 20 
99 1 93 
25 70 89 
93 96 54 
73 11 34 
87 68 19 
75 14 86 
32 62 4 
99 49 4 
37 19 10 
55 81 63 
9 28 2 
16 23 85 
23 81 46 
44 9 36 
62 4 73 
11 5 42 
65 82 40 
52 100 1 
65 30 87 
98 1 25 
24 97 23 
50 73 66 
39 24 53 
39 56 29 
16 45 65 
42 7 100 
4 16 71 
7 71 61 
57 52 49 
13 4 81 
96 55 18 
67 81 85 
66 19 83 
29 58 79 
86 16 88 
22 72 52 
16 70 87 
56 81 2 
91 39 52 
56 25 47 
82 73 20 
6 55 86 
63 55 100 
87 51 100 
86 79 55 
22 35 63 
63 80 50 
61 3 32 
71 75 90 
2 4 79 
93 45 81 
97 46 18 
39 2 1 
45 97 19 
41 14 24 
40 88 7 
4 80 97 
42 72 40 
37 80 94 
94 42 11 
68 31 99 
40 79 48 
64 41 95 
35 54 57 
34 11 28 
15 8 80 
94 86 44 
74 93 63 
73 46 91 
69 51 18 
95 70 69 
64 15 19 
45 79 74 
94 96 38 
97 4 35 
46 58 26 
59 45 65 
79 99 24 
34 50 23 
64 96 6 
88 44 76 
58 43 8 
59 73 47 
2 100 47 
20 77 45 
16 73 55 
74 93 47 
57 3 73 
18 9 98 
87 31 21 
37 52 15 
83 29 76 
14 15 30 
83 77 22 
33 28 33 
45 95 74 
6 3 61 
42 77 73 
70 15 98 
50 5 57 
41 6 15 
78 53 59 
76 26 94 
45 73 19 
4 95 97 
59 89 92 
98 79 35 
5 21 75 
98 78 66 
31 48 81 
5 85 53 
24 29 32 
4 37 98 
10 7 63 
67 73 51 
5 41 11 
65 90 50 
31 90 63 
71 79 46 
2 26 69 
80 41 75 
9 61 59 
79 44 53 
70 50 61 
38 73 35 
14 96 74 
54 89 17 
13 16 41 
37 25 63 
68 100 59 
50 61 23 
92 54 75 
26 75 3 
44 80 74 
95 92 8 
68 90 63 
2 93 10 
38 58 47 
71 71 11 
76 33 49 
71 15 51 
23 62 65 
89 61 64 
41 32 13 
13 32 63 
72 72 7 
91 7 70 
76 30 76 
62 27 71 
91 75 51 
77 4 15 
75 32 65 
6 30 24 
18 67 72 
73 55 99 
14 36 30 
44 21 34 
18 14 44 
76 55 1 
94 50 65 
6 70 42 
13 67 3 
87 40 75 
86 95 41 
48 6 13 
1 95 31 
61 78 47 
40 68 16 
62 30 68 
39 95 80 
34 66 99 
2 57 88 
5 58 26 
3 14 81 
65 68 6 
97 55 23 
95 8 82 
68 86 47 
29 46 88 
10 24 17 
93 19 92 
9 7 55 
72 35 37 
65 29 13 
38 58 74 
94 17 42 
75 92 72 
86 1 63 
50 54 5 
82 64 60 
28 32 81 
79 100 10 
93 82 39 
51 12 1 
16 43 92 
23 20 25 
58 21 1 
45 52 43 
68 42 31 
9 27 56 
31 37 18 
40 11 24 
40 78 19 
25 4 31 
57 15 54 
24 44 37 
65 40 47 
76 22 87 
10 51 81 
27 80 20 
77 17 9 
88 9 94 
58 95 18 
20 51 76 
32 10 36 
64 77 15 
97 36 59 
93 9 3 
21 13 89 
42 33 33 
75 11 33 
6 23 75 
28 51 99 
25 7 81 
97 64 54 
26 44 83 
45 92 31 
76 99 26 
73 77 30 
56 47 18 
64 44 27 
100 26 62 
50 39 84 
6 17 68 
19 2 60 
65 42 11 
10 72 10 
67 70 1 
5 24 88 
96 14 65 
30 68 49 
17 96 100 
32 56 3 
75 59 47 
36 61 99 
11 26 45 
3 5 42 
17 25 29 
65 36 23 
78 64 58 
78 96 66 
23 9 9 
50 51 86 
40 31 42 
24 42 73 
7 44 26 
72 19 3 
92 82 24 
64 14 19 
7 58 82 
46 51 97 
42 89 28 
45 25 29 
69 16 28 
46 95 80 
42 21 88 
49 100 98 
38 19 68 
97 90 79 
93 16 83 
27 56 1 
81 77 78 
81 45 99 
97 54 29 
14 4 75 
36 26 21 
52 95 73 
75 86 4 
6 28 91 
91 70 93 
95 48 33 
87 38 16 
32 36 46 
75 38 87 
45 63 15 
49 38 2 
49 25 49 
91 39 72 
88 7 95 
81 37 99 
88 39 35 
92 76 5 
54 59 97 
4 6 12 
67 11 71 
93 18 97 
52 67 43 
63 61 93 
51 2 26 
86 22 89 
45 22 64 
18 71 33 
77 73 97 
43 55 48 
22 13 61 
93 28 79 
21 13 56 
76 46 9 
87 83 35 
98 35 19 
69 31 46 
70 53 75 
34 55 35 
11 64 57 
96 61 40 
4 28 39 
34 4 84 
1 64 99 
11 39 74 
42 17 81 
16 33 38 
92 2 46 
18 28 18 
84 5 39 
14 90 1 
37 63 99 
91 42 57 
70 20 29 
46 14 95 
87 56 8 
9 43 21 
43 53 77 
46 62 24 
12 65 77 
100 51 15 
2 45 70 
44 55 3 
6 59 32 
4 90 23 
12 76 28 
3 64 34 
61 63 17 
78 53 43 
77 68 46 
86 43 25 
5 13 24 
36 76 12 
44 77 97 
79 48 17 
75 2 30 
97 86 6 
44 69 27 
47 58 67 
7 75 68 
29 22 95 
85 23 48 
20 77 62 
43 15 56 
50 24 21 
58 5 85 
24 6 27 
66 80 69 
14 18 31 
20 35 42 
55 15 42 
28 79 72 
65 60 37 
23 84 3 
92 20 67 
36 90 89 
68 53 43 
61 57 15 
96 7 88 
73 9 48 
60 86 62 
20 2 85 
86 29 42 
24 92 32 
34 33 70 
59 91 51 
33 78 76 
7 28 5 
16 2 36 
57 49 10 
20 36 98 
35 6 49 
86 18 38 
58 4 22 
15 82 54 
76 82 60 
38 7 15 
32 4 41 
92 69 11 
25 72 57 
35 60 81 
15 41 13 
10 92 9 
46 73 82 
8 53 25 
80 49 91 
19 80 38 
39 21 3 
97 28 39 
60 95 49 
75 20 37 
28 47 70 
80 66 25 
60 96 100 
12 14 99 
84 51 12 
70 26 94 
64 22 80 
80 88 60 
44 51 44 
55 57 43 
93 95 80 
91 74 10 
72 68 100 
82 67 44 
49 14 13 
74 8 23 
16 46 2 
28 89 9 
65 68 26 
81 51 36 
38 57 44 
12 52 19 
49 47 82 
80 29 42 
54 44 85 
12 72 95 
47 97 7 
54 100 38 
1 96 37 
7 51 85 
8 73 95 
62 66 5 
88 98 59 
81 86 15 
9 38 82 
13 67 25 
41 29 73 
26 7 87 
79 41 6 
91 20 35 
38 75 92 
66 74 72 
16 70 99 
18 18 44 
97 53 32 
99 4 43 
51 39 97 
22 46 69 
55 77 5 
15 46 36 
36 74 85 
94 17 65 
25 1 74 
79 54 72 
30 13 71 
34 37 16 
46 5 6 
1 84 96 
10 16 22 
8 36 37 
48 11 50 
20 14 22 
33 90 83 
20 25 98 
83 70 48 
27 41 23 
50 75 76 
65 26 40 
7 14 94 
21 35 47 
95 23 71 
10 19 82 
58 97 65 
74 80 33 
70 35 20 
69 68 38 
87 93 52 
100 93 26 
77 29 55 
75 32 60 
24 82 75 
81 84 41 
68 47 65 
76 62 23 
72 90 63 
4 62 32 
35 85 18 
41 68 36 
49 90 66 
61 42 33 
9 12 98 
96 61 2 
68 47 100 
67 24 4 
86 16 100 
8 64 25 
52 13 85 
89 93 22 
82 47 86 
49 32 52 
82 38 35 
67 39 67 
79 68 42 
60 18 73 
24 24 11 
15 75 36 
31 41 95 
66 7 77 
56 10 80 
40 7 1 
69 71 84 
5 41 57 
32 81 76 
88 16 70 
81 12 30 
99 59 10 
81 29 25 
63 89 74 
26 28 100 
88 13 19 
68 88 66 
94 67 6 
100 14 7 
86 13 57 
67 30 80 
14 93 66 
56 81 13 
57 43 40 
93 15 24 
50 59 59 
91 59 95 
62 80 83 
14 90 77 
53 18 59 
97 42 38 
77 47 74 
73 15 10 
98 30 35 
83 53 3 
41 69 73 
21 80 95 
7 23 76 
24 89 34 
27 97 76 
36 4 26 
93 69 80 
75 72 99 
90 22 29 
42 75 25 
35 73 88 
84 75 66 
28 22 9 
70 97 93 
84 62 70 
46 7 78 
72 68 78 
48 16 77 
9 48 15 
14 84 16 
74 39 15 
45 7 30 
28 30 81 
45 61 21 
45 1 12 
81 56 89 
50 53 6 
57 42 83 
73 62 69 
47 51 86 
86 9 12 
22 91 12 
29 23 71 
97 38 11 
83 54 64 
55 67 63 
19 19 67 
35 18 24 
93 9 67 
41 7 6 
68 100 54 
27 86 57 
17 4 41 
67 10 10 
49 49 20 
74 3 45 
2 41 33 
30 89 62 
77 38 12 
13 97 51 
66 71 51 
81 29 5 
66 98 33 
98 3 20 
36 12 78 
18 70 88 
39 67 53 
6 84 14 
46 60 36 
93 90 86 
16 10 12 
4 26 54 
7 19 76 
78 100 56 
72 82 78 
8 94 66 
34 91 11 
63 95 26 
58 78 25 
92 75 95 
86 96 33 
96 100 89 
14 96 13 
15 96 44 
75 85 69 
2 71 58 
75 26 91 
87 89 92 
21 92 64 
97 52 28 
77 99 12 
95 35 50 
58 61 6 
20 85 71 
97 16 6 
22 60 24 
59 88 56 
29 99 29 
63 22 48 
87 73 86 
99 51 16 
52 47 44 
38 3 6 
58 68 81 
96 76 93 
74 48 46 
63 42 13 
30 78 46 
23 88 55 
51 41 84 
89 90 18 
72 87 69 
68 62 62 
33 90 7 
66 6 95 
40 25 64 
10 14 83 
94 80 85 
85 53 83 
45 63 51 
72 63 38 
15 93 84 
46 34 11 
5 25 35 
47 22 19 
52 71 26 
63 35 25 
23 70 67 
58 15 31 
20 31 8 
25 33 95 
60 93 68 
27 33 85 
28 58 70 
75 36 96 
40 81 86 
46 10 38 
97 43 94 
6 45 92 
56 18 32 
51 53 6 
47 55 34 
10 32 49 
18 25 72 
48 15 34 
11 46 70 
33 91 92 
60 100 6 
52 85 8 
59 95 55 
56 22 89 
95 17 94 
10 67 99 
65 42 16 
39 10 8 
17 74 46 
37 77 24 
1 70 48 
95 74 23 
26 66 87 
100 36 55 
46 97 74 
51 75 93 
79 19 16 
6 24 98 
3 17 46 
17 11 5 
85 11 52 
1 79 72 
3 78 79 
1 57 29 
90 29 64 
16 80 52 
60 84 77 
92 78 34 
41 43 58 
90 67 58 
64 70 7 
45 66 52 
55 13 42 
85 27 47 
91 92 87 
41 64 71 
90 2 76 
18 23 50 
57 24 61 
80 76 88 
66 14 79 
44 1 68 
59 59 50 
89 79 78 
82 61 63 
11 19 58 
97 100 35 
37 34 14 
33 100 70 
8 99 2 
27 56 3 
1 3 79 
47 45 70 
61 24 43 
40 2 22 
58 91 66 
57 42 47 
5 96 87 
64 25 93 
18 65 12 
37 32 52 
77 87 29 
27 21 55 
12 18 72 
53 91 32 
84 54 66 
44 68 49 
60 16 27 
19 41 94 
25 9 69 
70 36 1 
99 87 64 
81 32 97 
4 91 58 
82 72 87 
55 99 24 
97 13 85 
57 28 22 
47 45 57 
35 33 3 
73 47 66 
59 58 34 
11 67 22 
12 36 62 
37 23 10 
21 35 19 
6 15 94 
35 32 26 
52 41 60 
7 37 71 
100 99 61 
45 81 78 
37 86 26 
8 81 15 
1 68 66 
28 49 2 
71 8 49 
94 50 7 
43 68 70 
23 19 76 
55 54 59 
56 52 48 
13 58 81 
72 52 41 
34 32 61 
94 48 27 
1 88 66 
96 92 2 
91 8 33 
46 11 75 
20 8 90 
56 95 100 
77 50 79 
18 21 50 
56 41 65 
21 97 4 
83 84 6 
32 51 34 
21 86 49 
96 6 95 
97 44 13 
51 48 9 
4 42 83 
99 83 37 
70 10 98 
8 94 60 
34 64 51 
78 45 84 
91 7 33 
16 76 25 
25 43 82 
79 37 76 
30 18 11 
7 35 61 
17 86 52 
100 11 9 
25 15 92 
85 93 26 
74 36 3 
13 46 29 
78 73 91 
58 17 16 
87 20 20 
100 17 91 
31 18 81 
86 47 69 
96 33 28 
46 65 78 
21 37 81 
81 81 71 
30 99 78 
3 64 22 
39 93 8 
70 10 54 
67 36 53 
85 31 89 
64 40 54 
78 36 27 
26 51 38 
92 65 13 
59 51 66 
33 98 47 
94 28 87 
82 5 57 
34 43 41 
39 31 49 
48 85 43 
6 26 61 
76 96 50 
18 3 45 
44 36 89 
28 37 89 
75 14 86 
2 35 58 
89 87 42 
15 77 74 
43 42 39 
37 75 50 
79 57 15 
31 73 38 
4 48 85 
10 55 62 
30 22 94 
24 91 54 
64 76 39 
88 86 42 
11 54 35 
32 57 35 
55 93 98 
51 42 48 
68 79 65 
6 62 18 
1 8 74 
52 49 65 
11 45 46 
94 97 90 
45 83 50 
3 65 40 
48 76 50 
63 15 33 
68 26 45 
6 75 56 
37 54 91 
41 99 60 
30 80 45 
91 61 99 
78 21 60 
75 61 64 
73 87 22 
80 100 93 
58 100 49 
56 87 94 
45 63 64 
43 90 15 
23 6 35 
72 44 82 
33 78 15 
37 4 47 
95 29 78 
55 52 10 
43 42 27 
96 45 13 
94 66 85 
57 24 79 
76 44 54 
75 4 42 
6 32 98 
99 24 71 
75 63 26 
88 98 88 
97 41 62 
40 92 71 
89 62 69 
59 12 77 
79 94 70 
5 34 49 
81 44 81 
47 91 24 
93 10 15 
85 24 13 
95 6 43 
33 58 61 
20 66 95 
73 15 9 
74 52 52 
51 91 69 
91 96 99 
68 15 31 
57 47 100 
92 47 59 
46 59 45 
47 81 42 
50 17 26 
24 80 79 
69 66 13 
4 40 56 
46 60 28 
93 94 54 
9 99 99 
56 52 39 
47 38 55 
94 36 37 
4 54 98 
80 45 23 
17 44 51 
33 38 73 
35 2 33 
30 30 72 
37 20 9 
33 33 18 
52 2 34 
15 65 55 
83 83 24 
38 52 31 
34 41 15 
66 44 29 
32 72 90 
37 73 70 
99 86 98 
24 14 52 
81 93 88 
38 88 91 
12 24 79 
91 23 31 
22 26 97 
36 14 100 
95 75 82 
65 95 54 
73 37 16 
6 30 47 
20 6 86 
67 51 11 
93 67 42 
31 63 9 
23 43 83 
96 35 57 
19 7 48 
11 36 65 
83 5 2 
11 19 42 
84 99 77 
5 51 21 
73 22 3 
53 34 87 
16 93 86 
92 93 67 
21 85 45 
29 92 33 
76 66 66 
47 7 74 
22 82 38 
60 81 62 
100 8 96 
53 35 14 
45 38 80 
5 32 57 
44 7 1 
86 100 89 
43 56 33 
94 86 7 
39 19 40 
69 65 28 
84 68 72 
74 60 47 
85 29 74 
37 6 25 
88 66 35 
96 17 100 
81 13 45 
1 7 82 
100 70 13 
78 55 90 
16 12 32 
90 30 90 
20 9 72 
89 61 59 
20 98 61 
98 71 22 
59 50 3 
81 98 11 
26 78 83 
3 94 75 
96 98 31 
36 26 92 
5 15 87 
30 6 4 
3 19 24 
3 31 16 
86 3 40 
78 52 2 
13 89 28 
66 65 87 
99 13 53 
58 73 76 
15 83 57 
80 90 39 
77 46 97 
34 13 40 
80 25 90 
35 93 6 
61 12 91 
60 62 23 
81 93 36 
75 8 12 
95 12 1 
94 66 6 
75 79 76 
16 12 99 
20 57 31 
56 47 59 
2 19 10 
97 22 59 
19 96 55 
65 58 56 
95 79 21 
21 84 67 
44 36 12 
7 33 31 
80 89 88 
86 25 71 
69 60 46 
77 53 47 
17 48 88 
1 7 43 
48 16 86 
71 57 78 
19 88 76 
96 39 22 
89 40 18 
93 67 12 
17 92 41 
88 80 49 
72 24 59 
50 34 54 
85 2 24 
67 99 38 
29 93 7 
27 84 87 
31 13 86 
64 67 63 
29 70 97 
66 72 5 
28 75 51 
67 85 13 
4 23 18 
17 75 69 
34 41 45 
71 5 13 
15 91 85 
37 83 62 
66 96 18 
59 38 40 
63 52 15 
51 79 14 
84 2 55 
4 1 57 
19 71 29 
42 77 92 
67 35 57 
13 40 18 
100 17 41 
37 20 88 
67 71 12 
50 13 37 
77 49 28 
10 14 24 
99 1 83 
58 49 26 
78 23 2 
60 76 37 
14 75 87 
56 29 8 
57 40 64 
59 32 21 
18 94 48 
80 25 94 
49 69 79 
77 13 37 
93 46 10 
49 66 82 
82 19 76 
71 11 88 
18 63 7 
71 80 1 
4 29 48 
44 55 39 
99 42 82 
35 68 33 
8 40 29 
90 14 34 
73 99 17 
95 29 92 
79 68 17 
63 52 22 
88 78 47 
59 70 56 
24 100 89 
60 14 9 
31 24 73 
55 53 81 
89 4 30 
3 70 19 
30 44 76 
87 49 88 
46 66 55 
57 19 5 
49 55 66 
35 79 86 
83 66 80 
32 10 81 
74 91 5 
56 5 10 
15 23 32 
79 36 88 
74 57 11 
75 34 26 
38 97 26 
59 34 85 
56 28 40 
1 5 5 
17 11 23 
87 43 89 
9 5 76 
7 45 49 
30 6 25 
89 57 14 
92 50 34 
46 14 36 
97 62 79 
25 57 80 
29 24 27 
35 87 3 
49 67 13 
11 18 49 
33 82 87 
31 86 77 
29 55 54 
55 20 14 
23 93 41 
70 92 40 
56 17 91 
98 66 71 
72 33 27 
98 82 94 
56 41 22 
79 37 1 
77 94 76 
26 74 32 
90 10 15 
82 98 54 
43 71 63 
75 50 74 
30 23 82 
51 44 49 
41 82 100 
53 49 41 
71 14 81 
26 48 76 
34 74 45 
12 74 42 
95 79 44 
87 88 98 
21 83 99 
56 32 53 
71 73 60 
10 15 19 
21 24 44 
70 81 17 
13 66 67 
26 41 15 
9 52 33 
25 48 96 
31 60 26 
8 69 9 
81 32 40 
70 68 97 
12 46 9 
9 83 36 
34 56 7 
91 100 74 
59 99 79 
20 88 14 
49 30 8 
40 77 69 
7 19 94 
69 34 75 
89 44 63 
56 65 7 
35 33 61 
79 99 22 
28 49 9 
25 40 93 
36 57 13 
60 13 31 
86 46 36 
80 24 51 
94 59 7 
53 37 43 
59 84 31 
54 69 94 
93 72 14 
57 49 60 
25 90 6 
28 32 34 
89 62 89 
19 42 24 
19 21 58 
69 53 77 
68 64 45 
11 82 5 
92 41 43 
91 5 43 
36 21 39 
68 58 67 
100 39 41 
54 11 30 
9 24 64 
41 21 83 
14 93 41 
47 58 40 
90 63 62 
67 100 83 
84 64 100 
44 88 99 
82 2 15 
93 58 94 
41 82 75 
27 34 94 
21 97 77 
100 9 29 
21 5 99 
77 2 31 
83 51 40 
4 40 84 
28 87 27 
96 12 53 
76 41 40 
49 13 7 
80 97 50 
29 85 40 
29 21 92 
48 54 72 
45 35 74 
63 65 1 
49 33 40 
100 51 26 
14 59 50 
49 73 21 
44 50 40 
50 89 58 
31 47 29 
90 25 71 
97 97 78 
73 41 46 
75 9 63 
70 28 32 
98 78 5 
94 64 25 
66 70 66 
52 71 2 
73 79 63 
21 95 73 
66 10 86 
84 10 16 
76 2 59 
73 35 28 
47 87 100 
76 45 72 
59 2 85 
39 13 60 
12 49 70 
87 30 22 
87 15 64 
37 34 43 
66 13 74 
56 50 43 
30 92 53 
89 5 25 
84 54 87 
43 45 64 
38 17 64 
53 1 89 
39 97 77 
29 15 85 
78 73 9 
17 24 20 
22 4 54 
22 77 19 
26 92 28 
84 92 70 
39 9 20 
49 4 85 
68 32 44 
25 13 83 
26 1 71 
4 77 46 
30 84 13 
30 97 95 
23 71 17 
1 9 53 
16 12 97 
37 99 71 
16 95 18 
67 58 91 
10 13 5 
18 98 62 
59 57 56 
42 68 72 
12 79 99 
46 81 57 
91 89 25 
89 64 100 
32 13 53 
8 32 31 
92 83 61 
58 79 60 
21 58 85 
51 98 26 
16 59 8 
32 60 51 
89 100 98 
68 67 6 
10 54 77 
78 18 43 
32 53 18 
16 79 24 
33 66 45 
3 47 1 
78 82 66 
34 79 16 
88 43 35 
74 68 54 
50 91 57 
6 100 24 
78 56 17 
92 53 77 
60 69 78 
40 8 49 
39 10 64 
55 24 11 
46 49 93 
85 14 29 
30 61 50 
37 40 72 
9 68 95 
13 27 94 
76 2 72 
16 36 29 
3 53 30 
85 17 15 
49 55 39 
74 31 34 
22 44 7 
43 35 85 
86 77 9 
16 88 80 
28 72 64 
70 69 90 
64 22 15 
67 55 44 
61 95 15 
90 86 56 
63 47 81 
79 47 6 
26 28 20 
64 91 19 
14 49 20 
23 52 26 
32 76 87 
77 94 53 
38 44 77 
61 16 34 
46 3 24 
21 95 45 
72 47 72 
33 97 42 
33 57 82 
76 79 53 
26 33 30 
14 71 70 
41 24 30 
35 24 3 
82 51 50 
10 26 50 
23 8 60 
17 58 98 
57 49 38 
36 84 55 
12 40 29 
40 13 100 
5 75 30 
6 82 40 
88 56 32 
36 78 36 
80 12 81 
10 45 11 
33 27 11 
42 88 30 
54 9 46 
19 6 79 
21 34 27 
61 49 33 
37 58 45 
42 41 23 
57 92 52 
78 71 20 
49 79 64 
35 40 19 
30 27 58 
16 39 87 
59 95 30 
72 54 18 
67 55 51 
93 64 38 
37 17 86 
69 30 50 
31 5 30 
66 20 71 
33 55 83 
13 95 45 
17 38 40 
85 9 20 
58 11 26 
86 32 8 
22 67 27 
46 80 81 
33 15 12 
37 67 73 
71 76 39 
70 70 79 
39 32 31 
25 63 77 
14 43 47 
52 59 62 
17 5 52 
19 42 52 
50 38 27 
39 77 7 
57 50 22 
55 51 24 
77 51 94 
73 47 38 
37 23 1 
100 90 5 
31 34 57 
28 14 93 
6 91 96 
40 83 70 
34 84 45 
4 67 85 
11 27 36 
44 82 44 
58 17 37 
27 65 9 
49 7 8 
83 42 92 
88 65 37 
68 34 99 
48 77 80 
81 81 43 
67 36 42 
87 30 42 
47 43 13 
84 82 87 
2 33 53 
24 49 61 
41 37 96 
82 69 92 
41 87 45 
7 85 63 
93 33 57 
31 2 72 
32 7 97 
63 87 1 
55 74 4 
89 82 23 
21 52 75 
8 48 77 
94 63 34 
3 99 76 
89 62 92 
92 73 15 
71 4 55 
7 55 84 
61 58 36 
24 64 90 
85 74 45 
67 6 58 
10 17 41 
74 62 76 
88 73 27 
33 3 100 
11 65 51 
75 43 72 
52 96 37 
73 69 63 
26 2 23 
77 60 54 
60 77 2 
65 68 44 
35 78 16 
99 88 27 
13 39 3 
14 1 87 
72 75 29 
39 68 36 
45 57 41 
33 33 13 
17 41 68 
47 17 79 
84 79 69 
76 15 26 
84 87 53 
56 24 1 
92 20 89 
37 76 77 
27 60 17 
80 57 46 
16 15 97 
3 36 20 
67 27 99 
49 63 1 
69 83 55 
79 2 50 
18 56 89 
24 63 58 
91 90 87 
68 38 18 
39 93 57 
78 50 46 
40 21 53 
29 96 98 
93 47 65 
64 97 32 
12 89 60 
92 57 34 
76 72 63 
93 34 1 
23 84 2 
78 65 77 
66 25 42 
80 61 29 
22 76 39 
86 67 66 
12 21 62 
43 29 43 
93 12 23 
28 82 85 
4 53 34 
73 76 44 
35 19 66 
88 38 84 
81 84 17 
95 32 20 
17 49 82 
63 38 53 
16 7 81 
13 50 96 
74 13 43 
26 97 31 
99 87 44 
24 19 32 
20 56 55 
83 60 13 
30 51 58 
20 76 38 
36 15 53 
33 74 80 
12 98 60 
71 92 19 
40 53 27 
87 63 19 
82 2 80 
59 43 92 
35 38 11 
74 89 42 
74 46 88 
97 66 13 
2 54 52 
60 41 16 
1 33 48 
7 76 78 
98 70 73 
100 17 26 
26 22 36 
64 4 4 
34 74 18 
72 16 72 
60 18 1 
23 12 98 
7 16 62 
3 59 79 
84 25 59 
27 58 27 
92 12 16 
18 83 26 
31 15 46 
26 89 93 
13 89 19 
48 68 80 
66 18 70 
18 72 63 
74 51 100 
46 47 7 
71 49 88 
76 11 81 
72 80 83 
19 32 47 
10 99 43 
56 35 5 
49 24 77 
53 28 43 
16 24 93 
92 3 41 
70 87 54 
84 11 82 
60 12 45 
15 21 53 
1 35 72 
42 69 52 
69 3 37 
69 79 12 
44 4 85 
84 78 87 
33 58 86 
36 27 20 
2 31 60 
76 91 83 
96 12 41 
71 83 11 
10 71 24 
90 10 88 
87 65 58 
53 3 66 
43 80 62 
77 68 62 
79 54 86 
12 77 97 
61 52 98 
82 18 83 
51 33 16 
83 53 1 
82 82 28 
45 24 50 
94 67 62 
50 80 26 
92 91 86 
55 40 81 
89 78 23 
97 30 21 
2 25 78 
94 70 18 
89 38 88 
66 1 84 
64 57 67 
53 12 7 
12 12 59 
66 51 57 
85 70 60 
40 28 97 
10 53 16 
92 91 89 
20 87 99 
70 91 92 
57 62 57 
57 25 61 
33 16 52 
88 26 72 
74 72 4 
9 33 95 
9 76 87 
86 12 56 
96 1 30 
14 63 62 
9 84 10 
93 46 2 
5 32 13 
42 31 39 
83 89 43 
30 92 86 
49 34 2 
54 97 61 
71 21 48 
92 60 4 
81 26 75 
10 69 27 
75 76 35 
73 7 28 
7 89 35 
67 51 46 
16 20 97 
49 98 32 
33 23 28 
14 58 35 
65 27 100 
100 19 71 
92 82 44 
98 21 42 
67 86 75 
45 21 28 
39 5 16 
71 81 74 
5 98 44 
15 20 92 
19 59 28 
36 73 49 
69 17 77 
100 99 35 
59 51 12 
25 12 54 
55 88 63 
84 22 67 
15 54 56 
62 56 4 
66 76 54 
26 11 2 
32 93 89 
90 62 28 
37 51 71 
3 9 97 
34 89 91 
13 87 85 
94 54 46 
36 23 7 
27 21 64 
17 97 27 
33 77 100 
61 32 88 
62 20 43 
72 66 52 
90 70 93 
66 16 92 
99 7 96 
82 97 92 
69 77 14 
36 13 76 
93 9 75 
87 18 65 
20 61 27 
72 49 85 
26 85 89 
26 84 77 
60 37 55 
28 87 2 
39 57 15 
81 74 56 
70 33 25 
23 5 39 
96 6 54 
22 22 76 
17 56 15 
30 2 81 
89 51 44 
12 42 25 
42 3 85 
97 42 29 
90 40 19 
30 64 1 
35 65 99 
98 43 94 
39 100 52 
75 18 92 
77 37 39 
44 39 82 
77 16 93 
55 12 7 
10 83 15 
50 76 22 
48 49 97 
81 49 24 
60 71 26 
92 30 23 
2 9 27 
52 3 49 
63 87 20 
18 99 1 
5 25 6 
43 48 23 
9 70 82 
80 45 78 
54 12 24 
14 47 14 
66 71 99 
37 65 40 
5 31 92 
48 15 43 
42 50 28 
76 15 55 
34 64 92 
44 66 56 
88 37 63 
36 8 65 
67 98 92 
98 19 61 
70 89 58 
94 2 87 
61 9 42 
11 21 39 
18 40 83 
66 81 66 
45 65 37 
61 47 44 
67 90 53 
20 68 32 
87 23 72 
17 33 62 
36 82 4 
85 5 48 
17 44 15 
53 23 63 
8 63 87 
21 88 45 
3 14 97 
44 16 14 
18 25 2 
86 64 34 
47 95 92 
42 49 50 
87 56 89 
85 69 67 
73 93 12 
58 86 90 
22 61 85 
25 16 64 
61 98 88 
46 26 16 
44 51 74 
22 44 6 
10 85 92 
68 23 65 
80 75 37 
1 88 76 
83 32 38 
74 56 65 
68 84 76 
29 31 98 
90 91 71 
94 89 9 
76 71 71 
91 90 80 
8 67 81 
27 35 55 
60 82 25 
85 99 76 
70 56 59 
78 34 84 
18 65 35 
31 59 55 
29 38 51 
42 83 25 
60 9 62 
41 62 84 
44 96 83 
41 37 57 
16 54 76 
7 8 26 
32 70 68 
83 71 62 
85 67 82 
25 5 9 
76 66 58 
70 74 30 
14 4 78 
5 66 100 
26 55 50 
74 50 91 
32 3 44 
48 12 31 
63 100 30 
97 3 53 
55 47 7 
7 12 81 
75 4 3 
43 81 6 
27 5 3 
30 39 100 
46 48 51 
1 7 92 
76 53 42 
53 39 74 
53 36 47 
38 23 67 
43 90 34 
35 68 95 
54 78 60 
27 44 55 
52 26 76 
11 19 65 
28 70 90 
3 41 61 
10 32 60 
7 18 31 
56 32 4 
33 78 88 
38 39 4 
10 44 32 
55 22 66 
45 21 62 
84 64 14 
48 23 11 
58 52 4 
85 14 24 
89 10 39 
22 52 7 
38 39 86 
33 13 66 
61 58 83 
70 73 32 
52 4 61 
77 37 21 
42 84 37 
27 89 27 
75 14 76 
97 48 78 
43 80 18 
16 96 11 
44 86 50 
32 39 28 
2 65 92 
70 48 17 
10 70 96 
21 84 67 
95 48 16 
31 36 79 
69 76 47 
17 92 70 
60 21 56 
2 81 100 
49 94 78 
53 89 43 
52 64 96 
39 28 56 
4 70 7 
91 85 42 
32 59 93 
74 96 34 
24 69 3 
80 59 89 
55 89 31 
34 98 8 
29 16 44 
39 45 46 
7 33 55 
4 72 15 
98 42 20 
29 30 67 
50 78 12 
11 28 55 
85 32 31 
93 99 6 
33 31 58 
63 46 91 
49 8 87 
97 41 97 
45 2 46 
88 69 75 
52 84 90 
29 62 71 
87 75 87 
26 70 85 
87 6 59 
23 42 45 
31 14 23 
100 93 16 
20 40 44 
72 43 63 
99 100 63 
2 41 31 
78 70 82 
55 62 96 
19 48 100 
49 7 27 
43 39 61 
93 18 35 
32 21 40 
27 40 37 
84 59 47 
75 87 82 
14 47 87 
64 82 63 
100 40 4 
37 94 61 
44 88 29 
85 36 62 
48 68 23 
81 2 6 
71 68 33 
94 61 18 
89 40 70 
36 83 65 
71 93 57 
6 58 66 
76 10 75 
42 96 68 
80 3 53 
30 61 96 
42 71 79 
97 46 46 
10 89 14 
31 23 55 
96 85 25 
77 54 83 
72 16 30 
48 70 34 
32 19 48 
59 80 79 
99 14 47 
63 71 40 
98 14 29 
21 59 67 
52 94 91 
100 2 18 
2 24 66 
72 67 94 
20 49 88 
42 55 78 
89 83 56 
79 88 10 
8 39 58 
7 83 72 
58 58 45 
24 83 48 
68 44 48 
95 96 80 
7 25 13 
80 88 67 
33 76 88 
28 57 99 
81 81 17 
43 71 55 
61 92 8 
74 73 79 
89 42 44 
90 48 41 
71 39 76 
6 39 17 
60 28 11 
30 92 43 
86 41 74 
71 31 100 
75 45 84 
36 4 38 
79 60 90 
18 75 10 
70 86 9 
2 35 37 
16 57 86 
65 24 97 
3 61 74 
50 58 14 
48 81 40 
83 55 81 
11 38 96 
63 37 99 
30 3 13 
52 11 19 
29 28 44 
45 84 49 
45 52 20 
95 11 95 
3 9 18 
28 34 81 
19 79 52 
68 97 34 
60 92 25 
74 57 8 
59 95 67 
96 86 36 
14 39 37 
55 71 47 
72 38 19 
85 62 29 
6 70 55 
36 31 95 
59 48 24 
1 64 14 
37 39 43 
72 22 95 
67 84 6 
56 36 45 
72 37 85 
27 40 81 
2 10 8 
36 90 8 
69 45 55 
10 92 76 
19 11 42 
40 10 44 
56 58 4 
57 17 87 
62 55 7 
60 14 18 
40 57 29 
65 28 80 
46 31 76 
23 81 89 
23 75 20 
75 38 43 
39 89 76 
78 60 71 
8 12 43 
51 40 62 
62 20 63 
26 88 98 
59 9 97 
71 41 47 
89 69 92 
62 81 2 
13 58 44 
32 7 100 
20 58 50 
56 77 4 
46 54 14 
60 88 15 
89 99 84 
43 66 96 
50 18 65 
28 37 24 
46 54 58 
48 95 27 
95 55 100 
52 54 67 
9 77 67 
33 92 84 
16 44 50 
39 92 55 
38 84 29 
8 19 42 
28 10 60 
64 60 22 
70 70 31 
100 65 2 
26 19 42 
41 99 44 
40 73 75 
42 54 97 
18 32 3 
42 9 73 
3 17 62 
6 69 70 
27 57 30 
31 9 97 
93 12 48 
38 65 22 
95 60 32 
87 63 73 
41 4 6 
62 19 60 
21 98 56 
37 83 21 
36 74 34 
47 21 21 
96 12 46 
4 78 55 
9 61 2 
85 11 36 
6 100 16 
16 97 45 
3 88 11 
55 73 48 
30 11 95 
19 4 69 
93 67 38 
40 77 5 
86 84 32 
10 19 84 
43 77 43 
66 91 13 
47 31 50 
35 84 100 
100 63 5 
18 18 100 
96 84 59 
32 84 50 
55 62 4 
25 22 47 
75 44 6 
27 39 4 
45 22 63 
79 69 96 
70 82 49 
84 69 40 
15 98 39 
56 62 45 
38 65 22 
79 7 89 
28 15 44 
48 97 15 
20 72 12 
65 67 50 
52 100 17 
89 48 64 
65 24 54 
31 71 99 
81 62 38 
59 68 82 
21 52 18 
94 70 85 
67 47 33 
6 94 30 
86 11 64 
91 9 6 
1 82 57 
83 9 41 
22 46 51 
52 55 80 
37 7 49 
34 63 88 
34 79 80 
2 36 12 
1 68 67 
78 59 24 
7 10 93 
46 6 41 
30 100 3 
49 17 7 
22 99 52 
10 26 99 
36 42 27 
44 98 53 
4 67 6 
21 15 74 
19 94 16 
85 98 24 
67 98 43 
40 38 97 
8 78 83 
90 72 12 
1 82 52 
87 66 66 
91 8 68 
58 42 63 
59 19 22 
86 78 57 
30 99 100 
25 71 15 
6 63 38 
33 71 20 
66 57 39 
44 15 1 
23 7 71 
82 76 37 
10 78 37 
39 31 49 
91 66 9 
45 28 84 
80 77 19 
76 26 44 
10 83 20 
100 53 48 
10 6 85 
37 51 95 
77 10 13 
56 15 3 
11 2 48 
48 57 34 
97 67 51 
88 17 17 
55 99 41 
40 62 25 
61 63 99 
80 33 89 
30 83 35 
37 28 12 
23 87 68 
52 6 59 
14 62 77 
68 78 49 
97 38 38 
31 76 3 
20 81 57 
87 60 2 
55 39 2 
52 63 76 
84 42 21 
59 18 53 
79 7 82 
5 81 71 
89 61 53 
12 25 87 
69 26 93 
43 27 4 
39 15 75 
12 91 42 
84 32 80 
87 87 92 
74 76 54 
20 96 99 
8 75 94 
1 58 3 
24 6 25 
33 62 4 
72 62 34 
21 13 12 
11 21 19 
48 22 37 
31 99 62 
13 33 38 
19 40 20 
30 56 36 
57 58 54 
34 20 67 
12 87 62 
70 99 95 
67 81 48 
10 93 10 
84 52 34 
98 67 2 
2 25 55 
18 30 10 
89 50 94 
34 16 54 
57 66 90 
82 20 30 
76 29 22 
74 73 22 
80 82 96 
7 16 94 
91 77 21 
9 98 67 
25 5 78 
3 59 42 
98 52 42 
58 78 11 
25 90 55 
96 81 67 
75 34 54 
63 59 68 
19 97 49 
47 45 48 
2 47 15 
38 28 13 
59 18 97 
100 84 90 
2 18 41 
17 49 42 
25 91 17 
83 82 75 
78 89 25 
51 83 91 
62 23 67 
45 97 7 
37 65 23 
17 69 65 
22 75 55 
79 72 3 
3 2 93 
80 28 84 
33 64 30 
35 93 5 
4 90 63 
44 67 6 
56 56 88 
39 17 40 
6 45 79 
64 56 39 
43 93 30 
46 95 61 
5 72 12 
43 48 28 
28 92 54 
76 31 1 
90 88 83 
67 76 71 
3 72 35 
30 35 51 
22 84 5 
35 58 39 
39 50 51 
78 25 43 
32 22 64 
45 1 4 
65 21 4 
38 19 77 
54 33 100 
63 42 87 
32 93 75 
19 60 58 
21 36 92 
90 36 18 
60 1 93 
99 80 32 
54 60 15 
61 56 99 
29 22 3 
40 96 14 
24 70 99 
61 68 87 
23 75 58 
98 65 4 
77 15 4 
67 8 93 
43 19 2 
80 52 22 
88 35 93 
6 30 86 
59 7 65 
54 3 11 
43 7 98 
12 49 35 
16 72 51 
44 74 39 
15 38 65 
56 80 6 
63 90 81 
90 32 90 
90 93 95 
46 31 99 
27 91 2 
37 81 56 
69 69 86 
44 30 1 
80 18 19 
37 1 91 
60 57 63 
2 23 65 
47 16 35 
2 16 27 
1 30 73 
56 17 60 
93 37 69 
27 56 64 
36 95 13 
99 33 68 
55 2 68 
37 43 30 
7 19 95 
46 82 76 
41 41 15 
52 84 24 
52 3 36 
29 85 61 
31 28 31 
74 51 71 
42 95 23 
64 24 51 
32 5 44 
4 81 31 
13 30 20 
89 47 82 
100 47 23 
67 65 76 
67 85 47 
65 23 64 
99 57 85 
29 57 32 
6 66 93 
49 11 13 
79 4 95 
93 79 28 
7 12 34 
14 70 99 
5 46 36 
41 3 42 
1 40 51 
71 74 89 
57 55 42 
80 39 45 
18 62 79 
98 30 86 
98 49 67 
91 71 68 
64 76 67 
8 64 95 
22 96 95 
21 72 99 
29 7 76 
14 29 26 
76 24 3 
95 55 92 
22 32 6 
63 9 38 
98 65 33 
18 17 35 
85 51 29 
86 60 91 
12 13 38 
49 71 79 
67 96 66 
82 51 10 
64 72 79 
86 8 33 
2 78 54 
39 19 28 
42 30 19 
90 64 77 
87 42 40 
99 51 60 
58 1 29 
95 28 18 
34 16 60 
33 33 93 
30 11 2 
96 6 9 
50 53 66 
80 35 43 
13 44 35 
43 9 20 
84 41 5 
21 53 12 
47 100 87 
10 48 88 
87 71 94 
14 73 32 
52 98 49 
78 72 32 
30 75 62 
4 93 36 
37 97 65 
44 47 7 
54 25 19 
55 95 82 
47 20 85 
16 18 20 
44 83 48 
85 60 31 
63 97 33 
7 89 70 
61 55 21 
18 90 97 
23 18 66 
27 20 85 
15 42 89 
43 12 38 
38 89 79 
41 57 79 
1 28 37 
75 41 54 
61 30 65 
72 71 76 
17 48 42 
87 11 72 
98 4 21 
79 40 98 
15 11 55 
6 77 56 
29 17 42 
35 92 13 
70 95 76 
58 84 65 
74 20 70 
43 69 36 
83 58 87 
5 70 33 
42 71 51 
65 12 58 
3 17 1 
89 7 54 
61 73 42 
61 16 39 
18 12 79 
45 87 17 
43 11 70 
22 52 51 
96 5 87 
37 54 83 
89 25 30 
64 23 90 
8 39 60 
45 86 53 
31 28 64 
14 6 97 
73 23 14 
47 94 68 
58 87 34 
83 11 25 
39 42 32 
3 18 23 
11 88 92 
34 72 66 
73 84 47 
29 33 34 
83 10 94 
78 8 50 
71 19 58 
82 56 97 
13 15 20 
63 93 52 
16 69 23 
30 19 33 
51 78 72 
46 99 100 
79 73 9 
62 87 34 
17 11 9 
91 13 94 
45 97 3 
52 57 97 
13 65 85 
7 62 63 
71 73 51 
1 29 100 
90 85 61 
61 38 60 
98 75 9 
45 19 95 
34 58 87 
59 72 93 
29 33 12 
63 46 83 
99 83 76 
47 81 41 
75 91 70 
70 28 76 
90 46 45 
46 73 49 
58 62 48 
4 93 10 
84 71 31 
27 19 21 
60 23 29 
12 60 39 
85 12 58 
94 49 61 
25 90 88 
36 4 93 
79 92 94 
96 92 95 
37 88 2 
94 94 60 
17 9 22 
89 46 92 
30 88 47 
89 99 79 
28 93 33 
42 20 74 
23 39 68 
24 96 46 
31 91 30 
15 27 56 
36 21 18 
66 94 65 
42 16 73 
81 22 91 
71 97 54 
57 22 23 
22 17 62 
84 68 17 
51 12 96 
40 12 6 
76 83 30 
16 61 95 
46 71 39 
73 85 61 
87 77 10 
7 8 59 
43 8 90 
46 49 24 
31 19 4 
66 56 96 
69 93 70 
5 1 94 
35 87 39 
92 36 24 
26 67 24 
77 40 6 
10 97 30 
90 19 96 
75 1 97 
53 24 5 
8 52 81 
85 58 43 
53 12 29 
61 20 43 
88 98 98 
98 24 41 
37 5 49 
69 38 56 
61 17 1 
74 87 15 
95 28 94 
12 86 41 
64 29 10 
11 5 42 
50 55 6 
23 44 2 
18 22 3 
15 49 5 
4 78 11 
55 98 19 
11 22 30 
34 47 77 
80 78 54 
51 91 25 
94 55 52 
79 88 69 
83 89 28 
74 77 66 
43 18 30 
38 19 67 
12 51 13 
67 15 53 
50 61 28 
98 32 21 
6 16 24 
42 87 29 
63 24 59 
67 51 80 
66 46 88 
89 90 65 
27 48 45 
71 30 11 
70 89 38 
30 15 43 
63 63 79 
26 66 16 
56 36 75 
96 18 9 
63 6 98 
70 93 69 
68 9 28 
90 75 37 
87 87 45 
3 10 68 
11 75 17 
38 94 62 
7 23 20 
38 81 34 
16 38 45 
78 8 72 
78 12 17 
38 53 73 
88 68 5 
48 32 11 
71 68 65 
76 37 84 
68 5 50 
49 58 87 
78 80 42 
45 43 82 
41 17 61 
30 40 52 
83 63 43 
60 44 17 
8 11 100 
43 26 82 
39 81 46 
37 37 29 
32 86 56 
39 76 20 
45 96 85 
48 60 75 
6 31 82 
56 62 36 
67 84 99 
30 44 72 
84 34 27 
51 24 4 
96 4 96 
46 71 84 
63 24 85 
38 25 49 
29 39 77 
6 62 30 
36 20 29 
10 70 6 
35 59 42 
59 44 70 
98 93 17 
87 19 79 
53 77 19 
71 75 47 
27 40 15 
92 74 48 
67 29 69 
34 87 69 
44 85 28 
26 7 69 
39 13 33 
43 51 57 
29 99 27 
19 58 43 
59 82 45 
87 42 33 
56 96 83 
75 38 21 
47 7 41 
45 75 28 
9 98 63 
22 62 74 
30 86 97 
62 67 22 
45 32 93 
53 49 51 
18 72 33 
92 75 100 
80 91 21 
30 42 54 
11 91 48 
50 88 1 
6 47 17 
82 31 27 
72 13 77 
97 47 70 
84 50 70 
35 100 59 
51 6 6 
97 21 16 
82 38 77 
80 59 79 
57 32 22 
44 83 59 
4 40 69 
56 82 58 
40 23 49 
51 96 94 
97 91 41 
44 38 29 
70 50 65 
86 56 85 
9 96 50 
17 77 76 
100 34 2 
42 37 99 
50 4 91 
84 7 88 
55 24 89 
75 15 28 
72 41 41 
89 6 76 
46 42 13 
93 80 48 
42 16 69 
53 2 9 
62 53 84 
39 98 34 
13 2 72 
84 81 32 
17 68 63 
94 27 46 
92 24 51 
64 80 1 
15 1 13 
52 64 27 
69 8 11 
85 81 37 
48 14 71 
10 69 21 
52 91 23 
26 43 32 
20 2 80 
63 94 15 
81 68 23 
51 63 77 
11 14 82 
84 35 51 
35 36 39 
5 17 91 
26 98 11 
82 31 100 
52 81 36 
45 6 38 
65 95 42 
63 40 18 
9 88 84 
8 85 71 
95 37 62 
50 42 29 
24 10 62 
58 82 54 
70 36 7 
66 45 30 
31 39 86 
55 65 5 
71 34 13 
22 25 64 
64 27 14 
38 57 5 
78 78 33 
54 45 96 
18 21 37 
60 85 65 
42 66 3 
47 1 38 
70 15 4 
33 99 14 
100 41 40 
91 55 54 
68 5 21 
63 10 99 
21 67 29 
34 55 32 
36 78 31 
29 49 13 
97 45 65 
99 59 76 
6 76 65 
76 4 75 
18 20 6 
22 31 95 
27 4 77 
19 48 70 
66 40 25 
28 43 96 
90 54 44 
22 38 47 
58 87 55 
8 69 79 
57 65 74 
49 65 5 
5 87 71 
27 18 48 
10 57 33 
97 89 79 
74 10 85 
86 65 79 
80 69 21 
26 48 26 
78 55 94 
67 9 10 
80 20 62 
78 69 64 
81 74 63 
16 84 85 
26 87 47 
66 91 69 
24 26 22 
41 82 78 
89 22 21 
49 98 58 
7 25 8 
16 42 90 
51 18 64 
53 7 30 
68 5 11 
74 5 22 
61 84 45 
39 10 89 
42 75 35 
47 63 17 
68 75 47 
97 22 9 
40 2 27 
90 86 4 
45 41 42 
67 31 22 
21 35 51 
38 57 52 
98 93 33 
37 60 13 
7 23 68 
28 32 55 
50 99 60 
57 98 93 
66 63 75 
69 84 96 
45 99 41 
25 69 84 
59 69 63 
13 16 40 
61 32 14 
61 2 30 
42 30 19 
7 92 81 
81 99 37 
70 96 54 
28 66 77 
5 46 60 
35 76 10 
8 54 46 
3 9 74 
67 56 1 
16 60 6 
56 41 37 
21 46 71 
100 75 66 
43 29 24 
59 25 45 
41 71 75 
41 50 60 
55 3 97 
37 21 18 
83 56 19 
49 8 93 
10 68 54 
39 17 3 
57 31 45 
13 25 47 
100 28 71 
83 35 86 
43 84 85 
14 70 28 
87 28 28 
87 39 89 
13 74 34 
64 75 68 
36 43 43 
34 14 32 
97 4 88 
86 57 82 
23 17 40 
21 12 58 
51 63 11 
16 26 13 
92 67 17 
84 87 12 
25 91 35 
30 89 17 
49 59 58 
36 36 28 
64 1 73 
96 73 32 
100 14 51 
97 12 31 
66 68 87 
29 25 55 
86 90 10 
64 76 9 
74 1 74 
92 34 45 
70 7 87 
29 37 11 
75 63 77 
44 8 72 
34 39 60 
64 47 61 
50 94 97 
50 23 22 
50 57 60 
14 96 40 
51 4 25 
22 68 50 
1 81 19 
39 27 93 
56 65 18 
24 48 92 
63 2 46 
28 61 34 
7 81 90 
95 77 46 
90 49 41 
76 14 35 
31 6 25 
83 85 74 
11 20 21 
52 100 27 
15 42 65 
79 51 84 
47 13 32 
64 97 35 
28 33 10 
41 81 39 
12 26 50 
80 8 97 
56 12 10 
52 40 6 
32 99 43 
47 27 67 
72 82 34 
48 96 55 
99 39 22 
62 18 90 
52 50 70 
62 39 13 
80 88 32 
96 95 64 
10 8 32 
81 86 57 
88 72 81 
65 8 82 
61 75 32 
19 34 98 
52 10 27 
27 54 93 
60 36 19 
2 74 52 
19 81 56 
97 50 19 
63 36 3 
46 43 42 
95 48 3 
84 45 46 
88 43 1 
82 80 56 
2 79 69 
33 87 97 
69 8 36 
7 26 34 
70 86 88 
77 18 18 
69 71 13 
14 94 13 
35 97 61 
16 23 91 
26 29 20 
33 77 31 
2 89 25 
33 47 81 
11 97 29 
48 14 57 
74 55 92 
50 50 40 
8 11 100 
17 21 58 
75 100 76 
98 86 99 
39 7 23 
32 86 99 
68 55 93 
97 69 40 
8 2 25 
49 69 46 
67 71 46 
23 18 15 
82 61 71 
46 27 62 
95 45 68 
29 70 14 
77 78 19 
98 14 22 
1 77 51 
85 94 27 
4 42 27 
48 96 97 
62 77 86 
28 72 54 
73 73 16 
88 77 15 
61 89 69 
48 53 23 
71 8 9 
84 59 46 
45 84 8 
12 46 48 
10 5 22 
8 14 49 
89 87 40 
72 84 44 
38 22 82 
22 72 42 
91 45 35 
26 67 54 
33 42 85 
46 65 23 
75 45 10 
3 66 2 
16 8 23 
14 48 48 
9 94 77 
55 73 69 
51 4 92 
56 1 8 
91 30 33 
13 87 54 
43 55 100 
2 18 100 
21 27 73 
16 20 3 
96 19 15 
91 85 7 
48 76 71 
86 52 34 
53 80 7 
11 73 83 
43 73 15 
53 71 79 
7 67 80 
48 73 62 
60 44 72 
41 4 72 
55 18 33 
5 64 59 
18 65 64 
40 47 87 
51 76 35 
29 13 99 
58 77 88 
62 30 65 
26 97 62 
90 91 46 
40 18 51 
64 33 85 
16 57 33 
3 13 46 
78 91 92 
68 39 71 
4 16 22 
99 7 82 
13 81 93 
40 22 28 
58 96 66 
14 93 68 
22 90 93 
34 7 48 
31 32 38 
90 23 54 
50 51 91 
86 29 37 
81 41 3 
91 44 6 
69 74 49 
67 40 58 
76 36 59 
35 76 64 
6 46 75 
58 20 80 
72 45 26 
39 43 4 
67 88 49 
74 15 1 
44 62 53 
94 24 62 
94 77 4 
21 28 7 
31 49 76 
23 18 71 
59 29 93 
91 73 55 
41 52 8 
90 52 60 
37 71 56 
9 54 46 
66 38 28 
75 54 6 
6 11 2 
61 84 37 
72 1 60 
29 11 25 
38 34 59 
95 81 87 
42 79 83 
75 78 88 
12 50 37 
72 17 10 
73 20 50 
53 29 7 
89 55 36 
82 42 79 
98 35 33 
5 64 9 
77 17 4 
89 78 1 
99 8 93 
85 70 38 
53 88 82 
73 19 31 
85 19 33 
62 61 88 
12 89 72 
61 93 4 
44 27 78 
26 19 25 
61 61 83 
4 69 5 
73 21 3 
85 21 18 
5 72 50 
69 62 83 
48 8 60 
21 20 14 
43 14 59 
18 8 4 
39 30 21 
35 77 16 
30 87 70 
47 100 100 
12 36 9 
72 1 8 
67 44 72 
36 82 35 
43 26 1 
15 15 81 
14 50 93 
5 46 37 
40 94 14 
99 63 44 
56 22 50 
50 25 79 
25 32 58 
48 21 88 
28 79 36 
17 6 79 
70 72 67 
63 16 89 
14 9 7 
33 75 95 
13 24 97 
31 12 63 
58 95 70 
73 54 76 
70 47 72 
93 82 93 
62 75 59 
54 91 49 
6 59 90 
32 69 22 
57 34 54 
93 27 19 
1 17 64 
93 2 10 
2 22 76 
32 10 41 
76 68 20 
6 44 70 
16 66 99 
58 62 73 
79 31 12 
26 31 84 
16 39 9 
80 17 79 
7 14 20 
43 100 87 
81 71 75 
10 73 68 
92 42 58 
83 82 50 
100 50 89 
9 30 100 
56 16 11 
78 6 60 
99 59 2 
9 71 38 
47 3 16 
94 71 9 
81 38 79 
98 19 71 
13 92 31 
20 5 23 
1 100 1 
77 75 54 
51 40 16 
45 77 64 
51 54 42 
59 8 89 
89 79 26 
80 12 17 
18 14 84 
43 49 1 
69 9 95 
2 100 35 
50 37 38 
41 38 80 
69 8 10 
13 26 92 
11 43 11 
73 81 84 
83 7 41 
50 95 86 
46 9 71 
51 78 64 
93 68 43 
1 54 6 
63 86 45 
67 97 69 
70 88 59 
100 24 36 
16 24 47 
2 25 31 
64 84 69 
27 78 91 
42 91 84 
26 41 93 
70 18 14 
45 27 33 
26 83 26 
99 16 49 
94 68 18 
46 21 89 
55 17 51 
55 1 98 
94 55 64 
28 27 12 
45 33 57 
28 47 94 
30 52 73 
28 96 92 
45 26 65 
27 44 74 
14 53 95 
82 18 75 
64 35 42 
13 94 87 
36 94 36 
35 23 25 
98 56 31 
39 94 23 
26 9 9 
50 82 49 
96 49 74 
56 42 57 
5 9 57 
69 74 57 
62 85 22 
34 60 56 
77 20 43 
88 61 19 
66 78 29 
67 89 80 
39 89 17 
88 69 34 
1 95 37 
57 6 16 
98 6 12 
16 57 51 
43 69 20 
53 96 58 
21 88 60 
82 27 70 
33 93 54 
100 25 68 
87 21 95 
55 53 37 
49 61 44 
37 63 44 
54 4 27 
59 59 39 
15 44 27 
10 34 2 
27 59 27 
97 64 23 
52 39 61 
98 83 16 
61 83 40 
83 42 43 
94 27 83 
99 34 48 
43 21 53 
63 73 24 
47 10 8 
73 93 59 
55 12 30 
55 25 70 
24 20 18 
78 85 91 
29 11 51 
57 4 22 
51 40 32 
64 16 20 
30 91 10 
44 49 47 
11 64 4 
77 82 40 
85 63 46 
28 33 100 
90 93 85 
28 83 31 
31 2 44 
97 81 62 
58 84 55 
53 52 82 
73 29 65 
95 56 59 
51 68 26 
48 57 17 
1 4 52 
86 92 11 
2 46 15 
90 99 36 
60 75 96 
87 41 29 
10 45 12 
19 15 43 
21 22 54 
78 35 91 
67 85 53 
24 58 76 
9 65 66 
20 57 68 
78 47 86 
93 47 56 
79 23 55 
29 9 46 
94 38 100 
78 47 2 
54 29 45 
95 37 97 
20 14 92 
60 89 33 
43 89 11 
49 95 25 
1 57 51 
71 29 60 
36 50 33 
5 31 31 
37 35 56 
67 95 37 
27 21 29 
66 16 40 
79 1 6 
27 8 56 
26 3 3 
73 51 99 
18 69 38 
9 3 46 
63 48 98 
12 50 1 
61 14 45 
27 40 5 
38 52 89 
66 11 65 
96 77 34 
26 78 8 
24 19 47 
98 5 78 
89 52 54 
55 24 22 
1 73 56 
59 24 84 
75 26 80 
100 10 21 
67 5 83 
41 36 20 
63 8 32 
42 92 29 
69 58 88 
27 98 63 
7 43 88 
40 10 72 
81 28 55 
87 37 30 
78 50 62 
99 43 41 
66 24 79 
15 50 14 
34 38 19 
88 32 51 
68 6 32 
3 79 74 
55 81 28 
10 57 76 
6 31 4 
99 26 8 
29 9 74 
100 18 44 
82 87 17 
76 52 65 
30 61 95 
18 7 63 
29 88 25 
34 95 79 
95 6 51 
66 40 72 
13 89 14 
12 31 74 
61 79 1 
7 51 69 
42 85 46 
58 63 27 
10 27 11 
86 82 12 
91 80 28 
25 79 32 
61 49 18 
98 51 78 
73 95 18 
4 19 25 
25 49 32 
12 92 37 
33 79 63 
81 68 34 
75 64 79 
83 87 63 
52 35 71 
31 7 28 
58 40 67 
24 93 52 
80 43 54 
9 61 73 
51 48 92 
80 37 51 
85 64 11 
73 86 36 
36 95 17 
99 43 10 
81 67 38 
11 94 41 
76 78 71 
74 46 79 
100 71 25 
75 29 69 
72 86 94 
92 66 45 
26 42 52 
34 68 96 
76 65 64 
81 7 81 
70 87 57 
67 75 35 
96 36 34 
35 4 43 
29 16 30 
73 3 73 
5 21 60 
60 29 49 
25 99 79 
78 10 22 
65 41 79 
26 69 50 
27 62 8 
26 48 80 
68 54 98 
39 69 67 
41 73 44 
15 76 35 
13 3 44 
68 80 81 
40 63 79 
29 41 26 
50 65 16 
47 32 21 
50 9 3 
40 15 56 
43 58 41 
70 20 79 
89 49 56 
23 48 50 
62 27 6 
58 97 2 
3 77 40 
26 93 5 
42 98 20 
23 55 45 
100 50 28 
47 38 73 
100 91 75 
99 97 90 
89 13 23 
81 74 20 
85 38 45 
24 90 26 
23 65 21 
46 75 69 
95 37 17 
71 73 65 
97 79 6 
65 26 98 
70 52 26 
99 58 44 
35 38 92 
53 29 32 
7 63 43 
83 85 89 
68 5 18 
34 95 52 
70 5 66 
43 71 97 
27 6 35 
75 34 7 
71 92 45 
4 32 55 
57 70 16 
93 62 83 
27 43 8 
98 69 65 
78 58 62 
80 49 75 
13 19 62 
76 33 97 
42 98 7 
52 78 73 
4 11 63 
24 58 100 
74 21 83 
97 3 36 
86 51 98 
58 60 10 
11 69 44 
95 45 39 
70 31 83 
24 13 92 
23 50 22 
47 23 32 
95 3 99 
75 27 14 
34 73 71 
14 72 19 
99 35 3 
53 92 30 
72 2 19 
73 82 86 
23 42 84 
95 84 74 
100 51 61 
79 56 62 
92 61 49 
1 91 3 
30 27 12 
46 14 55 
59 10 4 
75 55 50 
63 12 66 
39 24 58 
57 28 5 
37 20 14 
49 76 11 
63 80 37 
97 60 57 
37 27 47 
48 14 97 
65 71 26 
13 80 82 
64 3 97 
22 40 89 
53 86 62 
63 81 89 
53 86 82 
95 45 72 
95 72 39 
95 41 26 
94 13 59 
99 58 62 
71 84 69 
82 1 61 
71 46 88 
42 49 19 
35 33 60 
84 23 63 
79 3 97 
24 57 41 
39 12 41 
93 100 68 
7 20 29 
85 74 26 
25 38 24 
77 99 64 
31 97 47 
53 14 54 
58 51 49 
76 63 18 
72 34 94 
63 51 61 
81 91 78 
80 8 85 
26 44 81 
100 47 100 
21 97 45 
53 50 30 
17 72 86 
45 16 3 
59 58 64 
94 67 10 
75 52 44 
18 88 66 
70 94 78 
58 84 5 
22 17 32 
32 36 79 
14 65 25 
8 6 96 
8 63 100 
28 85 11 
5 56 39 
21 63 66 
52 19 80 
93 20 74 
48 9 47 
45 52 15 
99 21 50 
30 33 24 
27 89 64 
78 55 83 
58 100 56 
2 95 64 
67 74 79 
99 21 20 
34 54 9 
76 46 88 
65 92 37 
18 35 27 
96 85 93 
38 6 7 
85 80 92 
72 2 4 
97 77 68 
85 2 16 
36 72 75 
36 64 15 
3 17 68 
70 53 66 
60 87 66 
13 37 8 
23 73 93 
21 35 37 
19 43 96 
33 33 44 
30 93 95 
43 77 61 
44 39 20 
85 39 7 
55 13 12 
82 53 48 
64 61 100 
2 11 27 
41 28 67 
31 70 83 
65 37 27 
37 85 79 
81 37 9 
55 3 68 
42 25 99 
72 67 71 
24 44 48 
22 51 3 
7 41 66 
51 93 37 
67 85 23 
39 13 53 
29 60 94 
21 66 70 
65 20 44 
51 47 63 
23 67 9 
90 69 80 
94 61 13 
46 92 59 
71 36 85 
61 55 96 
91 76 25 
13 68 32 
14 30 67 
70 66 81 
56 74 47 
26 47 52 
61 5 42 
58 88 16 
70 55 61 
90 68 69 
66 29 99 
19 13 40 
6 78 16 
83 70 26 
53 66 89 
61 51 67 
47 41 94 
96 19 23 
96 91 96 
15 93 46 
32 11 1 
68 91 64 
69 75 90 
25 89 59 
24 19 75 
31 51 55 
94 15 80 
8 76 47 
6 2 14 
73 100 38 
82 64 11 
59 65 98 
35 63 17 
73 42 74 
28 87 73 
60 46 9 
52 8 9 
66 95 64 
85 48 9 
55 63 50 
74 23 56 
70 36 10 
55 48 43 
70 74 13 
98 75 47 
28 92 33 
76 12 93 
54 51 80 
55 21 19 
99 49 80 
71 47 13 
65 21 30 
33 62 27 
92 24 99 
17 32 19 
59 52 37 
42 5 40 
12 77 5 
74 1 7 
64 79 64 
82 55 45 
96 91 86 
48 53 44 
18 85 75 
57 3 70 
82 19 98 
34 48 56 
63 78 62 
51 65 32 
94 67 43 
71 32 44 
17 87 36 
54 79 78 
18 81 15 
92 76 100 
83 27 16 
21 89 88 
88 48 76 
18 30 59 
66 7 16 
38 90 33 
18 16 54 
24 37 40 
89 58 27 
96 76 8 
80 12 16 
88 93 38 
67 59 8 
45 87 20 
67 37 43 
56 9 51 
69 93 84 
18 27 61 
50 30 7 
8 76 84 
91 57 87 
10 15 27 
11 77 33 
11 48 46 
21 54 95 
20 15 90 
14 26 36 
47 81 28 
20 68 75 
14 1 98 
65 5 16 
11 42 42 
8 85 68 
71 20 20 
23 8 23 
95 20 80 
7 72 16 
65 42 60 
21 23 9 
85 68 92 
61 62 18 
34 4 7 
86 92 45 
86 39 35 
74 98 30 
53 23 45 
73 89 88 
46 11 66 
45 99 72 
50 62 54 
56 90 78 
33 37 37 
58 84 41 
6 30 77 
91 46 62 
33 91 99 
23 83 72 
4 41 86 
96 62 57 
84 82 18 
57 78 91 
11 42 3 
79 66 8 
45 11 47 
75 97 11 
48 11 61 
8 25 7 
36 13 81 
44 73 88 
90 13 68 
17 13 32 
99 21 2 
67 9 57 
87 16 48 
12 70 85 
65 65 82 
63 60 49 
48 81 78 
83 9 99 
94 68 74 
63 42 38 
47 56 11 
91 55 42 
41 67 30 
4 17 30 
26 61 100 
83 44 65 
69 64 37 
38 51 100 
75 60 69 
46 46 92 
64 94 19 
28 86 64 
23 7 82 
41 60 3 
81 96 86 
33 60 62 
64 71 35 
18 42 38 
14 77 48 
9 5 51 
84 64 10 
43 14 93 
37 71 69 
50 61 21 
76 39 39 
95 100 17 
12 5 10 
81 81 51 
59 29 16 
11 91 38 
63 55 76 
92 56 95 
19 98 94 
82 40 36 
46 61 43 
29 46 94 
68 93 18 
75 23 3 
98 65 5 
78 95 97 
1 72 71 
10 10 27 
83 86 65 
55 17 9 
55 53 47 
56 29 14 
30 97 46 
17 56 79 
67 32 71 
36 35 41 
95 67 68 
6 39 15 
91 85 1 
72 97 43 
24 27 35 
90 59 92 
90 10 23 
22 71 48 
60 76 14 
60 17 49 
72 40 22 
55 61 70 
17 12 79 
82 9 47 
64 31 50 
21 43 37 
15 23 64 
84 35 13 
17 3 88 
9 48 17 
58 59 64 
87 11 84 
43 24 67 
99 55 9 
70 94 42 
19 29 62 
61 8 75 
72 97 65 
33 61 69 
44 9 64 
95 22 17 
78 70 13 
24 85 5 
67 66 78 
8 24 16 
48 72 19 
1 6 79 
94 36 58 
92 62 58 
65 27 80 
24 53 80 
72 34 85 
71 36 76 
29 29 85 
31 15 55 
69 78 98 
31 43 43 
14 22 36 
68 50 81 
25 66 11 
33 99 8 
21 4 53 
13 62 97 
46 81 99 
76 11 69 
39 78 18 
39 5 25 
29 27 5 
94 24 71 
39 30 19 
86 72 24 
25 72 80 
55 69 91 
56 92 16 
23 72 94 
19 55 54 
88 42 12 
45 4 90 
5 25 48 
27 63 43 
56 32 13 
46 9 1 
59 65 35 
6 32 64 
95 44 57 
39 59 39 
32 85 17 
4 47 84 
9 82 9 
50 87 38 
90 34 83 
95 19 2 
72 91 56 
19 16 17 
49 46 50 
14 30 39 
36 95 36 
44 33 78 
57 70 40 
4 91 6 
78 50 62 
87 13 44 
91 66 98 
14 40 1 
21 26 45 
57 36 79 
26 28 63 
78 47 21 
77 95 74 
53 46 18 
75 19 4 
59 10 60 
24 93 97 
23 27 3 
44 17 30 
69 85 12 
31 83 47 
65 66 26 
65 5 31 
7 27 35 
43 97 41 
90 33 86 
75 91 98 
38 71 49 
31 81 44 
78 10 50 
92 71 93 
87 100 26 
93 51 14 
20 7 85 
47 35 62 
95 33 90 
13 28 15 
29 68 88 
30 61 16 
70 81 85 
69 25 63 
49 66 44 
29 47 81 
71 63 99 
63 37 93 
87 11 49 
88 87 96 
35 45 86 
91 14 8 
5 49 24 
99 37 40 
13 15 52 
21 74 56 
82 34 79 
78 73 40 
50 10 60 
73 95 96 
92 83 7 
90 10 52 
29 25 51 
13 82 13 
60 84 31 
57 41 6 
89 60 99 
45 36 100 
87 30 61 
6 4 21 
19 82 35 
94 20 78 
88 82 93 
69 31 81 
52 100 69 
21 51 82 
13 36 19 
68 87 24 
82 47 46 
63 50 57 
19 61 26 
12 59 64 
79 44 74 
13 40 14 
88 22 15 
15 49 88 
87 86 17 
100 83 84 
1 68 81 
34 79 27 
59 35 53 
2 40 25 
51 68 89 
70 39 49 
28 57 60 
23 60 35 
65 14 3 
15 87 93 
73 31 25 
38 85 30 
33 100 36 
59 20 48 
25 91 84 
62 56 42 
51 68 25 
82 82 48 
36 21 91 
31 47 33 
2 76 69 
30 58 81 
23 29 88 
24 1 83 
44 17 29 
93 92 59 
15 37 71 
41 2 46 
17 12 35 
15 71 4 
14 20 78 
61 71 92 
32 59 20 
56 5 88 
46 90 35 
82 62 33 
70 20 77 
33 83 87 
72 96 12 
82 1 52 
1 81 24 
85 70 17 
70 44 47 
17 36 89 
84 46 49 
26 79 41 
85 67 98 
82 6 42 
49 47 32 
3 74 9 
58 2 39 
82 39 16 
18 5 27 
75 42 63 
29 11 67 
56 19 55 
59 8 41 
57 87 95 
16 74 78 
79 53 32 
78 76 66 
41 33 98 
92 48 99 
38 92 12 
76 88 54 
86 46 46 
63 34 5 
34 95 60 
54 4 100 
21 34 85 
73 21 97 
78 5 36 
83 23 47 
60 19 62 
39 13 46 
93 67 59 
11 2 85 
22 60 49 
7 29 20 
37 79 64 
59 61 31 
4 54 21 
81 67 23 
14 88 88 
21 68 28 
94 30 62 
78 83 15 
86 1 4 
75 27 34 
48 35 27 
76 14 28 
70 19 43 
5 56 55 
64 29 65 
23 77 23 
21 94 74 
42 38 5 
72 67 73 
81 47 32 
84 45 89 
26 62 16 
68 22 43 
60 93 42 
25 100 77 
51 15 19 
47 79 24 
60 48 31 
44 76 70 
49 18 24 
82 89 93 
74 94 68 
56 51 94 
33 1 10 
91 22 41 
87 66 71 
81 68 88 
61 98 72 
87 88 12 
35 61 58 
43 45 3 
49 27 86 
81 86 40 
13 45 87 
5 89 71 
23 91 83 
18 87 11 
62 81 77 
92 64 59 
89 51 88 
86 73 55 
98 99 58 
29 80 77 
76 89 87 
91 100 32 
32 98 26 
63 90 88 
21 66 8 
40 1 16 
44 76 57 
30 69 1 
50 86 21 
7 20 4 
7 78 57 
65 7 80 
51 72 67 
36 14 98 
96 64 51 
23 65 83 
35 2 9 
68 52 92 
28 49 36 
57 100 92 
51 35 19 
24 39 87 
90 24 84 
54 20 31 
7 67 60 
64 67 9 
95 29 1 
85 81 81 
88 89 48 
62 12 64 
66 49 39 
31 38 14 
28 33 79 
8 39 95 
42 32 16 
75 16 44 
58 54 57 
12 42 11 
68 99 65 
46 86 85 
61 2 15 
36 49 88 
59 33 43 
55 20 26 
98 72 63 
22 19 87 
6 48 19 
73 8 32 
66 76 53 
92 40 45 
39 31 60 
96 50 22 
38 91 63 
11 69 28 
63 43 64 
27 68 85 
72 81 35 
70 80 71 
44 21 6 
77 10 89 
15 39 34 
54 98 70 
47 72 100 
24 74 5 
31 20 87 
77 63 84 
5 94 32 
27 54 44 
70 73 57 
37 100 2 
35 75 48 
89 43 49 
18 39 57 
46 42 17 
24 5 89 
90 47 10 
72 4 8 
25 17 85 
63 65 92 
82 17 86 
12 37 14 
14 94 23 
26 81 81 
19 16 33 
72 14 50 
68 64 8 
56 25 66 
57 53 92 
84 37 47 
27 42 55 
88 65 57 
97 7 97 
69 28 95 
32 65 69 
94 100 24 
64 20 75 
84 1 77 
65 99 21 
34 17 33 
39 30 92 
29 14 53 
33 72 88 
65 17 42 
55 4 81 
77 60 63 
75 3 42 
80 10 63 
24 54 20 
6 8 71 
11 38 95 
53 79 44 
72 84 4 
94 90 61 
61 44 62 
68 2 95 
56 89 48 
53 90 19 
73 94 59 
60 33 27 
10 33 90 
1 63 88 
82 37 92 
17 68 79 
64 60 38 
10 73 99 
91 39 40 
54 3 56 
86 75 5 
74 30 69 
40 57 79 
93 18 31 
80 62 11 
25 65 70 
34 28 88 
100 27 44 
63 77 16 
61 43 96 
68 50 35 
51 51 54 
57 64 28 
29 20 8 
64 53 17 
17 60 28 
17 68 2 
60 13 11 
43 5 75 
36 94 63 
17 83 99 
75 92 65 
38 12 20 
54 20 10 
19 19 91 
31 53 93 
96 23 38 
14 56 86 
50 45 45 
26 52 82 
92 38 23 
99 79 42 
98 20 87 
49 62 29 
86 31 92 
83 74 28 
82 28 78 
31 41 61 
83 29 76 
47 48 48 
100 35 50 
38 41 73 
52 33 56 
1 39 17 
2 31 78 
36 59 23 
36 86 36 
98 94 22 
38 32 20 
57 68 36 
80 87 76 
90 37 68 
19 13 71 
15 15 99 
18 65 91 
61 90 60 
41 7 8 
25 38 64 
36 49 51 
48 20 42 
64 19 49 
23 99 14 
22 1 29 
83 84 89 
98 56 7 
11 75 94 
44 32 89 
53 22 80 
85 62 81 
4 35 90 
52 48 43 
33 44 14 
88 58 79 
19 62 89 
31 62 37 
39 62 43 
94 40 100 
98 30 53 
24 51 43 
3 17 6 
41 83 15 
45 38 1 
53 36 22 
97 7 86 
43 7 79 
40 45 34 
39 43 5 
10 91 77 
41 34 9 
85 78 8 
77 2 94 
7 86 37 
66 25 19 
43 27 98 
88 34 68 
17 73 46 
8 71 53 
34 25 23 
83 36 52 
25 87 81 
8 63 11 
5 96 28 
89 33 88 
94 3 62 
90 10 60 
84 71 79 
14 72 4 
69 59 51 
5 26 59 
88 64 73 
71 16 82 
100 74 52 
60 61 88 
24 93 27 
89 3 92 
79 14 86 
16 26 65 
43 45 8 
61 47 25 
47 34 25 
5 60 91 
7 78 5 
44 82 64 
50 9 1 
7 31 4 
2 74 89 
26 89 5 
79 80 16 
45 28 44 
9 15 69 
86 66 100 
62 31 82 
37 47 65 
49 32 85 
84 85 25 
88 67 80 
21 29 4 
31 26 93 
57 1 13 
48 28 10 
100 30 15 
33 73 29 
91 92 10 
35 8 53 
39 29 19 
94 71 75 
59 36 75 
82 66 56 
15 29 18 
2 74 15 
55 81 75 
50 33 56 
68 81 82 
37 36 2 
71 98 43 
80 92 26 
84 91 23 
60 71 40 
40 61 42 
42 11 93 
8 77 92 
14 97 78 
71 95 1 
44 30 23 
49 7 87 
74 38 58 
67 67 21 
28 87 72 
1 50 88 
54 31 3 
41 8 18 
76 64 78 
9 68 16 
96 35 98 
22 40 98 
71 71 66 
37 10 46 
34 95 55 
11 89 96 
71 60 57 
100 45 25 
66 27 74 
14 74 84 
82 69 66 
76 58 65 
66 7 28 
84 89 77 
49 32 31 
34 32 60 
7 45 73 
68 15 21 
27 68 15 
94 98 81 
6 98 12 
32 73 1 
77 76 100 
49 12 27 
40 48 9 
27 35 61 
44 1 23 
25 49 90 
42 16 32 
67 100 56 
13 11 79 
26 30 18 
76 4 71 
98 15 45 
58 53 86 
52 33 52 
10 6 69 
26 71 65 
54 89 90 
67 83 45 
62 97 16 
84 23 62 
64 86 73 
72 77 31 
37 99 39 
15 72 78 
82 90 40 
41 63 2 
83 35 75 
71 37 59 
88 98 57 
40 64 78 
42 66 100 
3 82 85 
29 3 51 
44 17 24 
50 13 67 
56 92 32 
71 39 85 
57 17 57 
5 44 10 
80 98 69 
14 45 88 
36 3 24 
38 41 60 
55 29 23 
28 51 42 
72 12 92 
3 30 67 
92 6 40 
24 87 6 
31 59 2 
33 66 1 
21 59 2 
72 8 22 
99 32 55 
88 89 85 
33 16 49 
34 86 87 
76 15 84 
17 41 16 
41 7 100 
11 66 33 
84 29 59 
21 49 9 
53 13 64 
88 35 66 
35 14 21 
1 2 57 
19 75 36 
59 50 99 
57 53 94 
21 44 54 
15 16 38 
100 83 58 
62 25 50 
66 76 31 
57 32 44 
6 46 18 
58 45 31 
73 58 32 
11 29 31 
32 91 25 
31 54 13 
93 24 53 
74 47 100 
62 76 8 
40 29 98 
8 69 1 
9 35 42 
59 18 52 
58 97 77 
94 93 97 
46 3 98 
49 51 36 
59 45 73 
54 88 44 
100 71 77 
40 67 32 
32 92 96 
50 33 46 
51 54 27 
8 59 32 
19 83 72 
15 62 72 
74 75 54 
38 16 58 
40 51 19 
41 90 64 
41 32 54 
60 22 6 
45 45 21 
33 65 97 
30 96 19 
79 27 85 
61 90 34 
18 4 31 
91 1 8 
21 18 35 
74 29 29 
33 10 25 
99 13 32 
21 7 12 
41 87 85 
42 50 22 
92 22 21 
74 72 96 
5 98 20 
60 48 73 
56 1 31 
84 61 87 
99 34 24 
16 22 28 
73 72 74 
32 48 44 
50 10 73 
59 44 95 
21 35 1 
67 63 46 
20 58 77 
48 26 34 
100 29 52 
61 95 70 
64 91 88 
60 44 76 
90 31 2 
43 26 25 
24 39 32 
50 49 11 
55 27 7 
36 41 94 
57 93 81 
52 61 42 
56 53 21 
14 66 28 
25 42 79 
56 21 90 
7 32 84 
57 33 64 
13 77 60 
80 65 72 
91 45 58 
60 76 16 
24 32 64 
98 62 19 
41 94 45 
44 52 79 
63 81 49 
96 45 27 
5 57 79 
25 55 59 
88 65 33 
97 19 20 
80 79 32 
82 74 49 
5 1 59 
24 66 28 
12 87 67 
17 62 77 
15 51 85 
35 6 6 
35 97 9 
96 47 61 
39 78 25 
48 62 50 
63 45 62 
15 97 47 
97 30 50 
29 9 18 
61 49 1 
75 97 22 
85 57 46 
28 20 4 
24 16 98 
9 18 58 
12 31 68 
28 29 85 
11 93 24 
65 98 82 
99 84 13 
89 53 31 
8 86 38 
23 44 39 
18 84 27 
84 59 36 
8 83 50 
11 51 78 
83 38 2 
45 72 42 
95 40 83 
86 16 97 
26 7 1 
81 34 2 
74 37 75 
16 72 34 
89 34 68 
60 91 53 
95 65 19 
64 10 37 
86 99 87 
27 86 85 
1 36 71 
40 85 17 
30 21 80 
54 38 12 
43 6 9 
58 15 46 
1 97 16 
38 3 99 
39 55 42 
65 53 38 
71 68 52 
1 50 33 
20 59 46 
29 34 68 
45 92 23 
66 73 96 
42 96 23 
98 7 32 
51 37 97 
78 79 50 
49 3 29 
19 65 11 
77 5 74 
43 48 23 
96 50 74 
84 59 78 
59 46 87 
72 30 77 
4 97 38 
63 66 40 
57 56 81 
73 85 4 
15 26 80 
52 98 24 
75 91 95 
41 15 49 
43 11 100 
24 18 68 
5 7 78 
60 26 12 
97 12 45 
17 5 39 
41 91 67 
89 93 47 
35 45 77 
86 36 45 
65 31 24 
62 32 86 
48 68 38 
15 49 4 
21 54 33 
15 22 58 
48 68 35 
90 91 93 
72 57 46 
35 86 24 
32 61 48 
35 44 8 
66 86 71 
24 59 16 
32 82 52 
4 48 58 
20 84 56 
68 26 18 
22 76 32 
83 64 26 
5 1 63 
22 65 20 
97 86 90 
50 29 61 
86 68 98 
44 78 56 
20 96 75 
93 67 75 
11 87 31 
34 15 36 
73 100 32 
49 55 76 
60 32 14 
87 90 84 
99 7 6 
57 71 97 
19 42 26 
17 14 16 
9 73 55 
26 27 66 
77 25 15 
60 96 97 
88 80 20 
50 74 94 
4 99 3 
50 74 95 
41 88 9 
19 58 55 
65 73 22 
27 60 18 
83 42 6 
79 13 26 
32 79 30 
27 96 60 
42 22 92 
63 51 14 
45 62 6 
13 79 73 
74 23 87 
67 7 50 
46 63 87 
91 60 88 
31 51 69 
47 93 92 
47 60 23 
3 38 84 
4 65 21 
53 38 47 
63 60 61 
74 32 95 
96 91 65 
75 16 25 
31 75 50 
74 51 22 
15 4 12 
80 51 83 
73 10 59 
43 32 67 
79 6 24 
60 34 93 
28 84 55 
51 40 92 
42 74 37 
89 73 81 
79 66 67 
51 9 34 
2 52 24 
55 64 14 
39 7 50 
26 17 66 
53 97 85 
54 1 20 
22 21 51 
61 38 22 
53 11 78 
78 85 96 
51 95 23 
93 90 59 
59 51 58 
15 98 74 
63 90 69 
84 32 7 
52 44 81 
1 99 86 
71 55 47 
67 93 18 
28 31 97 
97 96 59 
40 58 34 
39 15 27 
62 77 58 
99 95 83 
76 37 1 
11 17 93 
87 51 21 
25 96 66 
2 52 59 
46 21 55 
25 78 38 
94 25 4 
25 56 62 
84 1 75 
96 46 81 
72 14 65 
95 2 59 
95 5 21 
30 9 67 
21 53 32 
8 23 41 
72 91 41 
18 70 90 
97 16 48 
54 97 15 
58 82 32 
48 51 8 
7 32 69 
94 100 93 
76 92 46 
29 3 75 
61 42 19 
26 54 95 
33 29 56 
86 33 17 
55 12 73 
17 18 5 
70 64 37 
43 20 44 
36 2 49 
27 43 7 
42 19 40 
51 22 84 
55 95 75 
32 12 37 
45 38 79 
36 73 85 
27 1 75 
99 56 27 
17 70 81 
21 50 75 
73 90 77 
86 65 2 
11 53 32 
1 85 33 
94 36 94 
42 2 21 
56 28 87 
65 85 11 
80 20 86 
30 65 71 
20 44 12 
71 80 69 
27 50 75 
8 63 54 
17 17 88 
61 74 85 
45 2 49 
44 18 62 
20 22 19 
80 81 41 
16 53 10 
11 51 65 
90 28 76 
5 9 92 
80 93 74 
47 69 51 
73 37 23 
64 40 16 
26 39 67 
68 41 40 
75 22 96 
4 2 15 
15 68 60 
37 23 96 
90 11 35 
16 5 11 
58 64 4 
87 84 9 
40 77 8 
1 72 10 
62 86 79 
55 78 80 
54 77 12 
35 31 54 
63 52 84 
62 14 71 
40 7 2 
75 64 72 
63 49 71 
86 95 4 
50 66 65 
55 81 76 
35 53 72 
40 4 94 
34 18 26 
13 67 79 
57 66 44 
40 81 89 
15 35 72 
31 76 41 
12 82 26 
80 39 64 
17 92 62 
46 4 40 
4 68 8 
70 55 69 
79 9 16 
11 97 52 
40 83 95 
2 6 75 
55 14 65 
95 100 4 
43 55 61 
18 17 83 
61 99 98 
44 52 1 
100 16 1 
12 31 79 
97 75 43 
74 50 94 
80 48 25 
5 57 96 
35 10 98 
77 43 45 
92 71 61 
39 91 44 
100 20 48 
42 57 85 
34 95 90 
4 56 9 
90 49 84 
60 7 32 
23 37 72 
30 6 87 
90 27 5 
1 2 31 
83 41 13 
51 73 39 
38 7 79 
49 27 6 
56 82 74 
85 72 78 
39 33 91 
84 66 15 
84 68 96 
98 21 81 
56 58 60 
85 12 58 
8 39 58 
22 91 37 
43 43 57 
76 15 76 
71 74 8 
5 75 71 
56 21 35 
91 12 11 
94 85 89 
13 21 65 
18 84 46 
69 26 31 
48 19 59 
24 70 29 
19 59 13 
98 13 59 
82 68 49 
26 39 82 
65 2 38 
36 6 11 
22 86 30 
29 68 41 
51 18 83 
13 17 86 
83 23 35 
65 97 64 
53 6 53 
83 36 59 
63 26 97 
84 16 9 
25 37 49 
80 22 43 
91 63 66 
1 11 4 
29 94 68 
8 45 76 
70 79 34 
65 22 80 
34 70 8 
95 37 56 
66 59 66 
13 16 36 
68 47 41 
71 85 5 
84 87 62 
69 12 33 
66 1 40 
80 8 97 
9 31 43 
10 73 95 
90 47 39 
75 78 89 
84 60 89 
81 57 89 
71 63 69 
25 38 39 
74 23 88 
87 12 10 
35 62 29 
87 42 46 
43 46 54 
81 71 62 
80 64 12 
54 27 74 
14 19 46 
36 51 42 
68 19 63 
61 28 44 
39 7 64 
6 28 75 
2 100 8 
77 65 64 
75 39 34 
26 25 23 
45 38 74 
44 13 68 
59 33 5 
13 51 12 
16 5 19 
29 49 66 
51 22 21 
5 2 60 
62 3 60 
75 38 23 
13 11 46 
93 58 72 
8 57 23 
5 21 38 
99 62 98 
7 91 92 
85 7 25 
2 93 98 
71 53 80 
41 77 39 
49 54 55 
53 28 14 
52 87 79 
54 50 39 
18 81 12 
81 78 92 
82 48 64 
76 73 9 
95 26 58 
80 68 27 
87 77 26 
89 60 62 
54 95 25 
43 85 89 
28 78 53 
75 28 20 
64 41 55 
71 67 94 
50 57 100 
89 27 33 
30 3 51 
23 2 8 
47 32 48 
54 88 66 
25 19 53 
41 94 99 
16 24 62 
29 5 83 
71 54 11 
96 18 95 
96 95 92 
18 55 19 
81 76 35 
73 24 49 
58 97 87 
3 85 63 
98 10 12 
76 77 5 
58 96 87 
63 92 70 
62 54 7 
90 96 73 
50 79 52 
29 67 66 
32 24 68 
47 27 3 
21 55 22 
90 73 60 
48 98 12 
83 21 99 
26 79 32 
84 19 63 
18 79 20 
57 42 97 
60 48 29 
84 86 82 
69 3 4 
95 45 28 
63 55 5 
48 93 69 
58 90 79 
85 33 50 
15 80 5 
52 81 60 
83 42 74 
15 82 86 
69 39 35 
65 49 39 
26 21 51 
53 55 60 
44 56 77 
30 17 31 
13 27 52 
48 50 25 
94 75 7 
33 7 57 
89 66 35 
54 90 98 
96 63 87 
1 50 96 
86 87 29 
62 82 7 
86 88 27 
84 22 75 
77 92 11 
17 67 33 
24 17 27 
80 65 27 
26 60 85 
23 11 86 
72 47 1 
33 70 97 
68 63 32 
30 28 1 
45 38 63 
68 46 18 
81 19 97 
69 29 77 
27 7 60 
83 68 45 
79 61 4 
79 79 86 
8 52 3 
79 34 31 
78 97 80 
91 80 81 
66 22 7 
29 78 24 
77 99 27 
97 60 20 
26 38 20 
77 21 90 
53 70 83 
20 41 84 
67 88 90 
2 73 83 
59 88 9 
18 34 21 
1 71 31 
94 83 99 
97 19 32 
33 91 82 
15 50 22 
31 50 44 
59 88 93 
68 89 35 
17 15 85 
14 33 96 
1 76 98 
22 74 70 
26 64 26 
27 23 44 
85 69 49 
63 81 37 
7 81 15 
37 70 80 
5 24 44 
14 16 17 
80 22 49 
10 49 5 
87 63 26 
84 80 9 
6 59 57 
57 41 57 
81 11 58 
3 37 3 
90 76 85 
34 43 33 
19 77 70 
44 85 17 
54 64 48 
32 39 100 
3 98 86 
54 81 93 
71 8 10 
89 98 10 
32 91 44 
70 32 37 
98 78 44 
13 23 20 
81 42 28 
92 52 82 
87 38 99 
74 18 29 
31 78 9 
71 3 96 
20 80 25 
67 7 87 
69 92 55 
59 13 22 
1 75 92 
69 27 94 
66 11 51 
66 8 58 
86 71 81 
18 75 57 
74 54 51 
36 14 26 
52 38 31 
64 12 64 
38 42 76 
74 5 40 
89 60 95 
77 5 85 
11 37 7 
46 40 8 
17 16 72 
13 10 41 
64 68 86 
15 75 53 
35 63 62 
45 25 34 
5 1 11 
81 89 99 
57 33 52 
18 58 7 
5 27 20 
59 68 5 
97 18 13 
10 16 14 
20 61 2 
30 29 50 
49 46 73 
66 45 73 
57 78 32 
28 94 95 
29 38 38 
69 38 98 
60 25 95 
94 6 19 
32 84 15 
79 60 97 
75 65 16 
32 7 14 
18 41 25 
38 66 18 
91 56 3 
14 77 94 
46 11 5 
39 12 71 
64 73 23 
99 25 96 
28 31 42 
49 30 24 
64 3 81 
58 100 2 
35 77 96 
2 57 91 
57 9 25 
34 81 11 
35 18 60 
39 15 56 
42 35 100 
28 27 4 
26 68 36 
18 79 71 
79 87 3 
6 81 96 
93 17 74 
65 68 81 
64 61 18 
95 40 89 
30 97 33 
21 96 48 
42 90 88 
54 39 33 
51 35 62 
27 98 76 
93 42 88 
72 60 90 
10 78 42 
43 88 93 
51 27 78 
59 95 60 
21 60 14 
62 92 65 
39 10 48 
71 8 12 
13 81 29 
80 74 34 
86 35 87 
39 44 54 
83 5 6 
53 64 44 
50 58 61 
19 94 40 
76 64 94 
13 84 45 
7 71 30 
31 38 13 
42 61 96 
59 12 50 
1 62 10 
23 69 43 
31 18 55 
51 92 67 
5 96 34 
91 25 53 
5 77 76 
56 68 54 
48 53 68 
10 60 25 
89 87 23 
62 29 55 
67 60 23 
33 47 73 
30 60 10 
66 33 96 
12 55 87 
74 85 73 
62 38 17 
100 68 74 
54 31 36 
63 14 58 
64 70 25 
86 65 78 
100 38 86 
18 98 97 
60 91 14 
53 59 87 
5 20 60 
89 10 37 
77 44 62 
61 49 85 
1 67 34 
68 27 81 
86 45 19 
54 65 100 
7 7 89 
31 17 4 
48 89 79 
65 53 15 
100 57 47 
98 12 63 
79 55 93 
51 17 77 
4 69 47 
35 54 61 
80 8 66 
74 73 15 
98 36 52 
88 25 40 
17 36 97 
11 84 15 
23 52 36 
78 63 68 
31 67 40 
42 10 74 
36 91 89 
7 59 55 
66 19 27 
14 39 57 
57 59 95 
23 96 83 
93 14 93 
36 29 11 
57 62 46 
100 15 1 
24 66 44 
53 65 83 
20 23 66 
45 85 31 
63 88 34 
68 94 53 
57 88 60 
13 97 70 
13 26 26 
58 17 98 
60 5 37 
59 94 51 
83 13 48 
34 84 6 
9 29 18 
80 33 15 
12 99 5 
99 57 25 
20 31 75 
99 85 98 
43 36 48 
64 32 52 
51 14 42 
70 53 13 
34 24 60 
42 6 41 
48 46 85 
38 57 94 
65 64 11 
23 41 31 
95 100 52 
63 100 41 
93 9 72 
61 96 47 
19 75 60 
63 26 60 
34 21 12 
27 66 86 
72 30 32 
88 64 5 
4 89 70 
28 13 46 
25 90 91 
12 64 89 
30 7 100 
59 70 82 
34 30 39 
74 50 88 
22 58 32 
44 49 61 
20 41 84 
68 13 10 
65 43 80 
12 97 32 
81 81 43 
60 33 97 
15 13 99 
64 30 32 
47 97 60 
54 38 78 
55 40 1 
76 6 88 
71 58 82 
91 55 39 
16 27 33 
48 68 65 
86 3 73 
67 97 90 
65 18 51 
55 78 71 
42 25 61 
91 60 44 
10 8 19 
32 54 31 
84 47 57 
64 23 85 
11 54 20 
86 75 61 
53 18 45 
79 93 16 
40 35 96 
7 8 25 
65 92 79 
66 67 14 
97 53 83 
80 14 69 
20 63 16 
84 84 91 
47 73 72 
30 36 37 
37 35 74 
63 26 69 
43 63 100 
32 97 50 
96 17 91 
59 9 21 
80 96 38 
39 60 10 
31 67 77 
21 73 3 
16 77 55 
39 99 48 
41 12 24 
23 99 18 
29 84 10 
16 32 67 
47 66 88 
30 57 89 
62 93 62 
52 9 66 
69 48 51 
51 24 22 
75 69 53 
33 45 35 
96 51 30 
49 27 1 
26 23 22 
36 70 4 
59 78 29 
17 92 91 
66 42 57 
79 85 12 
48 65 79 
28 29 6 
90 78 9 
6 75 22 
79 59 89 
50 32 12 
46 50 94 
37 19 47 
42 74 88 
12 39 9 
68 70 11 
89 1 5 
72 78 16 
45 43 81 
13 43 50 
82 88 14 
11 92 35 
73 67 85 
36 99 58 
5 4 42 
68 63 98 
73 46 16 
75 52 20 
93 48 28 
20 80 52 
6 31 91 
100 24 17 
76 95 44 
55 56 37 
46 51 85 
28 8 21 
25 99 17 
36 74 24 
94 73 45 
15 36 32 
9 63 79 
5 99 91 
47 39 72 
85 30 43 
68 83 42 
66 35 73 
28 90 7 
12 76 36 
12 38 71 
43 48 99 
31 23 9 
13 40 55 
87 32 52 
36 34 52 
33 91 9 
97 71 73 
29 96 8 
4 36 19 
60 23 51 
74 94 33 
37 13 88 
95 7 21 
47 94 12 
32 84 97 
17 42 69 
20 42 59 
26 86 63 
72 31 77 
78 93 97 
69 52 80 
35 38 93 
7 91 35 
91 36 29 
26 34 93 
57 26 62 
42 66 31 
52 21 7 
3 45 80 
52 74 80 
66 39 40 
13 44 30 
73 91 94 
41 69 13 
49 1 28 
76 100 70 
56 4 38 
82 38 1 
44 49 76 
6 28 33 
9 35 26 
97 19 91 
73 22 20 
77 3 93 
46 22 20 
10 58 3 
28 58 82 
8 4 57 
39 15 69 
72 100 44 
93 92 67 
79 43 94 
52 47 88 
16 9 64 
58 26 39 
7 38 95 
86 25 76 
55 22 25 
18 82 97 
100 7 58 
34 90 94 
90 45 7 
11 50 28 
18 54 67 
21 57 84 
25 76 84 
96 82 55 
31 29 93 
7 78 93 
4 62 74 
50 48 40 
91 80 24 
26 14 24 
90 72 14 
27 89 8 
4 28 95 
97 90 6 
3 63 42 
37 22 87 
67 47 38 
6 33 17 
75 53 33 
54 67 74 
68 71 73 
68 36 31 
89 52 68 
20 6 30 
16 24 30 
68 96 32 
51 71 6 
84 24 88 
34 17 6 
70 76 14 
12 53 1 
57 52 13 
26 55 32 
37 30 47 
46 96 59 
7 52 26 
46 57 21 
85 83 10 
95 43 10 
41 26 72 
21 24 61 
72 24 53 
54 86 36 
82 19 53 
10 57 19 
43 97 98 
56 44 98 
27 97 59 
40 72 77 
97 4 75 
34 62 100 
7 20 59 
74 65 87 
47 25 36 
6 19 15 
88 52 96 
93 29 50 
68 63 14 
90 41 81 
16 11 4 
36 47 71 
32 88 61 
33 51 81 
32 76 62 
80 60 30 
43 19 18 
35 41 20 
53 3 83 
37 56 100 
28 12 80 
98 12 80 
84 69 61 
47 8 35 
20 59 50 
15 51 62 
12 76 87 
57 50 88 
27 20 100 
12 57 8 
90 87 30 
92 2 78 
54 88 10 
29 24 89 
58 32 14 
28 15 52 
62 76 95 
61 79 51 
8 44 94 
74 61 92 
87 87 16 
65 55 23 
59 21 58 
17 58 20 
44 66 7 
2 29 54 
98 96 66 
70 3 42 
33 61 68 
64 32 7 
91 91 93 
62 76 20 
22 55 33 
54 87 96 
13 6 48 
85 53 28 
7 17 41 
48 86 55 
100 51 4 
57 14 78 
61 17 41 
38 17 80 
66 57 96 
19 92 8 
8 10 75 
99 71 48 
40 47 52 
6 79 59 
44 50 15 
61 65 18 
12 46 30 
28 16 3 
61 52 72 
68 45 90 
9 90 73 
16 51 29 
63 16 29 
35 76 36 
87 12 31 
54 71 63 
4 59 15 
46 53 61 
56 91 43 
81 27 30 
34 66 96 
81 41 74 
72 50 37 
2 90 6 
75 91 51 
29 8 43 
34 83 59 
78 90 89 
60 47 41 
57 81 23 
96 19 29 
80 67 58 
12 13 33 
64 38 82 
20 43 16 
92 69 3 
32 89 90 
12 59 33 
75 57 80 
45 23 52 
100 64 85 
58 37 33 
27 43 93 
17 57 74 
28 36 90 
54 63 90 
67 56 1 
10 41 72 
11 37 52 
65 42 98 
81 83 64 
26 80 87 
65 49 83 
78 89 37 
87 55 10 
17 11 45 
23 86 49 
20 27 38 
33 96 96 
85 56 51 
8 12 7 
10 37 96 
98 58 7 
66 82 15 
12 26 3 
61 69 35 
29 32 12 
70 70 44 
38 13 5 
40 94 5 
96 88 24 
58 7 59 
64 86 79 
52 54 37 
74 49 27 
2 60 44 
36 76 44 
64 53 92 
33 28 100 
12 65 20 
41 28 15 
25 6 95 
35 65 77 
9 92 25 
34 69 1 
56 10 36 
58 13 84 
37 53 78 
98 57 6 
77 64 87 
91 70 4 
91 64 46 
39 28 49 
40 32 87 
71 77 66 
80 6 74 
40 62 27 
3 43 100 
19 81 70 
37 77 87 
41 42 51 
29 78 61 
9 63 8 
84 90 61 
63 81 72 
51 52 82 
73 96 14 
14 46 79 
43 13 66 
51 36 19 
18 49 1 
24 62 49 
20 81 54 
26 56 12 
95 88 68 
48 61 45 
86 90 91 
92 84 91 
86 61 82 
8 97 67 
100 74 90 
82 96 49 
55 33 94 
47 99 63 
59 14 19 
8 14 17 
20 63 89 
56 38 62 
23 38 70 
76 18 43 
38 63 28 
44 57 90 
7 47 83 
92 54 10 
16 42 34 
94 100 97 
73 100 84 
81 72 29 
96 2 12 
62 68 33 
85 65 6 
6 87 66 
38 46 20 
30 42 34 
38 93 51 
64 69 38 
34 15 79 
19 100 44 
20 36 88 
7 58 69 
13 23 37 
98 5 3 
20 14 78 
96 24 91 
24 72 4 
48 57 68 
76 15 85 
20 7 65 
9 83 6 
91 40 91 
29 23 37 
46 14 63 
41 26 41 
63 44 94 
33 27 86 
59 72 24 
42 78 71 
6 16 15 
88 74 59 
63 24 32 
72 38 19 
35 44 64 
34 13 71 
70 54 87 
48 57 36 
80 60 49 
8 72 48 
60 80 53 
43 4 37 
36 38 50 
49 77 4 
68 39 75 
94 71 14 
2 67 27 
98 75 93 
49 70 13 
68 82 23 
65 59 14 
68 42 19 
95 9 25 
34 6 30 
7 100 44 
32 8 22 
100 6 71 
15 96 19 
74 47 85 
18 5 80 
95 98 49 
22 86 93 
100 38 10 
90 52 17 
10 92 77 
27 86 6 
54 78 46 
70 65 26 
8 65 56 
38 68 34 
68 82 56 
38 17 7 
8 89 25 
71 26 97 
51 53 100 
79 46 44 
24 7 79 
95 16 62 
75 90 79 
7 16 75 
41 90 1 
84 26 49 
9 79 58 
66 40 14 
46 13 78 
32 47 10 
42 14 71 
2 3 74 
9 56 98 
36 95 81 
81 97 73 
51 54 38 
42 38 37 
8 51 44 
67 79 86 
48 46 36 
43 70 40 
43 16 93 
40 7 10 
81 30 30 
8 64 64 
46 64 73 
28 91 29 
39 29 90 
54 4 30 
92 94 17 
81 15 29 
15 70 39 
53 59 56 
11 22 91 
84 95 71 
65 22 61 
78 25 96 
62 34 67 
13 7 18 
73 85 31 
91 53 98 
2 33 16 
59 5 24 
22 59 99 
16 59 22 
51 90 46 
56 2 99 
39 47 39 
87 94 6 
99 49 22 
72 77 37 
35 12 46 
41 11 78 
46 94 29 
11 67 4 
90 27 86 
3 69 26 
96 16 84 
59 5 87 
50 45 73 
93 2 89 
100 24 52 
64 71 94 
97 36 10 
46 73 62 
12 42 68 
91 51 84 
67 95 9 
26 64 98 
89 11 50 
36 26 47 
95 98 60 
90 77 81 
59 5 42 
82 52 10 
28 13 73 
54 19 28 
78 71 36 
97 45 69 
41 30 40 
50 44 23 
3 1 96 
51 46 62 
85 51 64 
5 15 41 
15 4 17 
5 93 86 
6 15 22 
21 59 29 
63 86 85 
79 29 67 
97 95 72 
100 15 43 
22 24 77 
35 41 14 
52 75 51 
9 97 29 
15 81 45 
60 31 92 
48 70 31 
97 44 89 
71 87 88 
4 28 34 
10 90 20 
4 46 92 
10 31 41 
61 53 68 
76 60 94 
76 50 85 
42 40 18 
24 91 12 
47 24 77 
3 39 16 
20 46 39 
27 36 97 
53 39 38 
58 33 6 
20 9 51 
25 38 34 
94 50 97 
54 81 90 
62 62 26 
91 29 12 
63 89 8 
79 44 44 
67 100 38 
27 48 45 
76 76 41 
90 72 86 
77 89 10 
84 88 9 
63 50 57 
55 63 82 
82 78 44 
65 39 30 
50 30 69 
83 54 51 
57 55 80 
58 15 75 
32 50 49 
27 1 57 
25 42 57 
93 34 59 
64 47 83 
13 38 3 
46 46 97 
55 30 78 
23 78 30 
62 99 41 
81 28 80 
10 19 84 
84 64 32 
59 86 52 
64 11 60 
92 29 91 
99 21 86 
35 99 71 
88 97 19 
2 70 72 
44 25 84 
41 63 6 
19 72 61 
46 63 63 
2 79 31 
45 28 97 
37 80 29 
74 83 100 
18 41 51 
72 76 27 
24 65 20 
58 61 75 
86 8 13 
29 7 25 
49 8 6 
32 54 53 
39 64 44 
7 60 54 
12 10 71 
88 61 25 
23 72 17 
63 85 90 
58 40 4 
33 88 99 
88 71 62 
79 92 97 
32 65 35 
90 35 36 
48 10 2 
83 59 76 
74 53 40 
99 14 31 
37 61 63 
86 35 77 
69 28 6 
93 15 94 
20 27 17 
57 23 58 
91 87 8 
2 62 99 
26 12 63 
51 39 72 
6 89 25 
5 67 33 
99 82 64 
93 63 52 
78 33 10 
14 12 82 
3 63 66 
63 58 73 
36 44 31 
71 52 51 
76 35 12 
62 85 89 
60 11 85 
19 23 51 
55 100 18 
95 61 83 
90 28 13 
57 83 15 
2 51 80 
67 61 50 
73 88 83 
18 22 48 
1 68 33 
37 35 99 
34 16 89 
49 75 75 
99 3 44 
2 5 19 
65 28 26 
67 66 72 
54 48 47 
92 21 71 
50 13 92 
69 25 15 
62 14 35 
61 25 58 
52 66 46 
39 60 32 
40 53 79 
28 30 11 
11 30 58 
61 86 3 
71 12 24 
8 20 1 
79 52 90 
97 59 39 
44 47 31 
93 16 14 
7 6 17 
5 17 18 
76 5 28 
17 10 20 
31 16 35 
17 92 18 
30 87 31 
13 13 4 
94 41 39 
40 25 62 
34 3 69 
22 16 16 
90 41 65 
98 5 80 
40 33 6 
45 72 17 
55 28 9 
27 27 90 
91 36 80 
66 35 28 
38 42 82 
54 83 76 
77 88 60 
61 41 95 
11 22 1 
71 96 15 
58 36 31 
20 70 74 
54 98 57 
65 20 25 
26 59 65 
67 72 28 
17 66 93 
82 82 77 
15 5 20 
18 23 62 
58 77 62 
40 37 92 
69 51 8 
2 64 4 
24 65 49 
54 6 67 
38 68 64 
24 38 37 
86 56 18 
15 67 52 
95 29 50 
53 62 22 
97 99 35 
78 78 62 
41 89 71 
23 72 44 
15 22 57 
92 65 75 
11 21 76 
95 78 88 
24 80 68 
31 87 99 
74 5 80 
31 32 36 
60 7 88 
93 3 98 
10 39 65 
38 96 13 
54 18 15 
97 50 4 
20 90 7 
19 85 50 
23 99 7 
75 56 99 
49 46 95 
33 89 62 
40 54 72 
17 44 55 
82 77 35 
33 51 23 
57 19 95 
39 100 62 
36 87 60 
80 53 34 
83 59 7 
82 32 22 
49 76 20 
45 26 36 
71 72 95 
37 72 14 
45 70 67 
35 30 75 
11 13 39 
92 73 54 
88 83 16 
56 97 100 
12 97 60 
38 63 67 
90 76 45 
6 93 44 
18 23 93 
72 72 65 
5 66 48 
53 42 18 
72 84 10 
25 40 93 
39 2 87 
87 90 86 
68 33 49 
5 8 65 
52 61 56 
79 36 93 
16 31 53 
27 24 27 
54 95 81 
77 93 98 
30 28 73 
15 51 30 
97 25 21 
74 1 67 
43 58 40 
14 75 57 
62 27 36 
69 91 72 
87 60 3 
36 47 99 
74 29 37 
89 61 4 
8 93 69 
95 41 66 
22 99 90 
18 13 52 
64 26 23 
15 46 64 
69 87 67 
90 9 59 
66 17 56 
15 96 22 
34 1 54 
22 84 54 
42 78 56 
68 91 63 
33 46 38 
2 89 97 
32 14 45 
30 61 37 
97 48 43 
65 45 29 
61 62 45 
66 96 14 
7 92 27 
52 36 39 
62 68 13 
3 80 33 
18 76 79 
13 88 55 
33 89 19 
22 75 37 
7 49 63 
23 57 73 
84 11 96 
65 3 100 
26 63 81 
72 91 13 
17 8 57 
20 19 62 
8 64 41 
14 14 41 
54 2 48 
17 99 21 
55 16 78 
30 46 61 
20 32 84 
92 11 11 
21 13 15 
82 64 82 
10 2 1 
74 93 2 
86 35 98 
47 27 16 
35 19 85 
40 32 4 
52 80 38 
7 59 21 
42 63 98 
83 1 40 
59 44 31 
78 33 26 
25 24 9 
55 12 39 
85 76 46 
94 6 7 
8 60 98 
56 18 6 
8 50 60 
35 98 62 
10 76 92 
89 12 22 
35 1 1 
24 55 48 
63 25 4 
6 72 33 
86 73 15 
12 72 83 
37 39 35 
75 43 65 
55 94 60 
2 48 100 
80 61 34 
76 45 31 
53 64 93 
41 90 50 
3 54 8 
1 69 87 
1 85 28 
63 61 6 
77 48 51 
92 43 77 
68 78 39 
59 4 91 
94 97 64 
80 43 55 
80 67 91 
49 5 90 
83 72 24 
98 47 40 
15 1 100 
93 36 35 
52 67 94 
86 64 71 
40 55 71 
59 89 53 
16 36 78 
33 82 54 
25 39 79 
87 71 84 
67 9 52 
36 75 1 
80 83 26 
26 50 29 
30 28 63 
69 97 33 
99 100 56 
44 9 78 
76 42 15 
29 23 80 
83 67 84 
86 96 93 
76 70 36 
22 21 3 
33 40 62 
55 46 71 
10 20 86 
96 52 46 
5 37 12 
46 30 28 
91 56 52 
95 68 94 
4 74 17 
23 39 31 
11 76 40 
8 10 95 
64 15 25 
49 48 6 
72 58 9 
32 75 2 
72 31 55 
17 82 28 
25 9 64 
43 86 60 
26 77 5 
6 20 21 
47 79 70 
69 10 41 
89 35 20 
13 13 77 
35 17 51 
13 97 41 
77 47 84 
41 5 90 
19 42 83 
29 96 21 
39 38 96 
6 2 38 
88 92 52 
4 15 50 
12 9 4 
67 68 15 
45 76 62 
94 19 30 
48 20 96 
91 12 6 
35 22 86 
86 81 54 
4 15 66 
93 73 57 
98 30 90 
44 19 13 
30 55 36 
65 14 32 
86 75 63 
71 53 21 
26 42 23 
18 95 79 
98 18 78 
54 91 64 
60 84 63 
81 23 58 
54 49 83 
57 2 92 
32 30 88 
84 72 48 
32 89 76 
79 41 80 
90 68 20 
66 65 71 
22 20 98 
74 17 63 
19 90 52 
69 74 13 
87 57 21 
82 70 50 
57 95 48 
79 89 86 
86 23 63 
7 20 26 
43 66 41 
56 80 97 
56 58 69 
74 88 62 
39 67 80 
72 14 32 
29 50 9 
81 80 100 
43 3 53 
17 69 56 
21 98 53 
74 73 65 
59 99 74 
87 34 96 
50 34 9 
21 82 81 
1 50 60 
75 90 14 
95 23 58 
8 28 13 
52 93 70 
89 55 39 
46 72 33 
36 95 54 
51 75 51 
49 53 71 
87 16 2 
5 17 76 
32 85 88 
24 22 7 
8 7 94 
70 41 69 
100 15 66 
1 44 24 
28 8 69 
63 60 3 
32 64 3 
60 52 86 
10 46 46 
28 52 75 
32 60 52 
17 84 77 
56 61 34 
85 21 59 
9 15 48 
40 3 81 
66 13 91 
83 83 53 
15 38 11 
13 71 14 
73 39 67 
14 48 92 
22 43 41 
50 25 16 
10 56 79 
1 4 94 
17 76 60 
43 65 56 
89 9 23 
18 7 74 
38 64 44 
2 82 81 
16 43 41 
52 94 17 
12 31 93 
34 15 42 
49 12 37 
95 44 43 
18 88 84 
66 44 89 
54 38 63 
90 18 29 
28 23 25 
4 51 95 
91 1 86 
8 72 42 
92 17 99 
1 77 95 
66 22 6 
22 37 60 
67 26 76 
8 64 57 
67 41 100 
75 43 7 
21 36 7 
82 87 6 
96 13 32 
3 9 22 
3 74 81 
42 56 19 
67 19 15 
56 76 81 
4 77 82 
17 3 86 
7 98 70 
14 69 96 
35 11 84 
86 56 74 
84 6 11 
24 34 37 
86 72 3 
90 90 21 
80 71 59 
23 91 27 
52 86 21 
62 94 56 
31 62 77 
14 84 39 
66 35 10 
100 39 14 
67 58 34 
35 72 86 
32 61 100 
61 8 66 
99 86 90 
84 77 81 
15 33 71 
50 69 9 
46 54 48 
66 6 28 
97 94 60 
41 21 82 
11 54 11 
27 27 80 
51 43 64 
27 34 79 
4 22 50 
22 18 64 
73 15 28 
8 3 8 
13 88 26 
25 84 6 
39 96 5 
79 38 22 
44 4 52 
46 82 12 
45 9 38 
36 18 8 
5 50 85 
30 26 82 
1 58 92 
62 80 38 
88 72 61 
71 51 4 
8 55 70 
80 8 36 
15 59 24 
17 20 95 
56 5 39 
33 89 2 
22 2 60 
2 62 65 
36 10 10 
3 75 48 
42 78 63 
37 22 79 
38 85 27 
94 30 41 
17 50 68 
98 4 79 
31 27 67 
2 54 63 
52 5 26 
73 10 81 
48 76 84 
28 78 83 
11 70 99 
39 56 30 
32 38 71 
10 5 19 
85 77 22 
77 83 12 
40 84 84 
78 94 43 
28 94 10 
93 30 57 
79 58 50 
23 36 10 
12 74 70 
23 66 49 
55 40 21 
50 62 48 
89 72 12 
23 81 82 
77 75 70 
61 68 36 
45 68 82 
33 4 31 
41 88 87 
54 58 37 
34 41 74 
96 73 92 
97 33 57 
69 84 87 
95 64 21 
45 18 75 
35 75 92 
11 55 73 
47 67 48 
84 8 74 
2 42 67 
17 28 29 
35 27 90 
23 90 3 
92 81 65 
79 2 57 
66 74 2 
68 47 56 
8 50 59 
54 53 91 
97 90 43 
39 71 42 
74 63 48 
94 26 30 
22 72 25 
88 100 87 
95 68 73 
31 13 51 
31 88 6 
79 38 70 
52 81 74 
18 32 8 
34 31 50 
96 57 59 
38 38 52 
87 80 67 
82 67 50 
49 56 79 
82 42 81 
36 14 80 
45 69 13 
10 69 61 
20 81 26 
70 5 24 
84 47 59 
74 90 13 
40 87 100 
59 2 64 
92 54 30 
75 30 14 
51 64 62 
39 61 68 
67 64 85 
30 17 85 
44 86 28 
6 96 12 
43 27 81 
71 4 30 
4 75 58 
62 43 62 
24 98 89 
48 91 72 
6 37 80 
91 72 89 
29 14 6 
35 91 89 
36 93 10 
11 3 83 
91 69 86 
72 87 77 
57 72 58 
22 61 85 
66 67 73 
83 38 30 
63 94 3 
20 55 36 
27 66 70 
77 18 63 
78 22 4 
98 35 32 
55 60 74 
45 38 1 
3 36 94 
55 80 72 
9 24 79 
55 1 24 
12 84 17 
60 44 17 
71 35 40 
54 70 17 
7 93 87 
2 93 19 
71 80 17 
45 18 51 
25 10 41 
22 92 43 
23 54 97 
54 70 5 
37 57 28 
99 80 65 
54 69 54 
66 96 95 
75 96 74 
4 59 61 
15 31 2 
6 36 60 
76 16 58 
39 5 68 
48 33 64 
57 8 34 
81 36 39 
33 89 64 
40 26 25 
20 17 19 
57 69 3 
29 46 61 
36 63 77 
54 52 5 
6 95 16 
84 100 43 
16 37 74 
44 33 40 
63 54 4 
97 7 89 
79 92 48 
55 88 65 
2 89 48 
78 6 33 
10 15 67 
70 16 40 
32 81 99 
65 13 97 
3 13 77 
42 16 70 
78 88 39 
62 39 88 
29 100 12 
50 86 23 
60 16 13 
23 98 41 
69 88 37 
75 24 96 
83 75 27 
36 13 77 
73 35 47 
44 90 9 
1 39 23 
2 37 20 
39 68 69 
69 67 55 
33 40 98 
1 83 94 
77 21 32 
19 78 43 
91 80 9 
7 68 18 
76 52 81 
11 29 59 
96 76 67 
42 65 7 
79 18 18 
80 80 52 
56 17 96 
50 18 25 
32 37 54 
3 74 43 
41 5 50 
78 43 5 
3 93 37 
16 16 56 
79 63 44 
32 46 72 
20 49 12 
13 23 59 
99 76 95 
29 74 5 
45 90 57 
73 68 79 
28 6 67 
21 23 96 
67 63 58 
77 78 86 
94 80 53 
92 52 35 
81 48 28 
92 61 5 
86 62 60 
51 54 18 
98 37 46 
94 95 24 
59 94 1 
32 16 16 
59 22 8 
81 64 64 
24 49 77 
31 90 9 
97 22 48 
94 78 81 
5 52 59 
9 93 80 
37 52 23 
6 94 57 
97 18 98 
39 91 72 
45 33 52 
79 34 48 
54 82 43 
16 19 25 
64 9 28 
9 82 62 
82 70 49 
46 43 51 
34 82 78 
60 40 30 
34 82 65 
95 85 84 
39 5 52 
8 48 50 
71 57 98 
79 23 78 
99 11 17 
51 68 94 
83 20 70 
55 84 51 
83 34 62 
25 72 33 
76 56 24 
39 86 87 
26 81 19 
83 8 21 
32 63 57 
99 75 3 
100 100 64 
36 76 11 
37 46 27 
20 6 67 
18 95 80 
47 70 2 
54 88 34 
46 82 11 
33 47 26 
68 50 88 
23 35 30 
94 3 46 
45 71 22 
96 43 96 
5 26 9 
15 85 13 
32 77 10 
63 83 84 
64 24 3 
68 16 2 
89 88 56 
46 73 49 
82 35 12 
74 88 12 
75 40 24 
87 81 41 
61 94 96 
17 41 66 
65 72 61 
58 53 40 
88 17 84 
1 64 14 
32 36 44 
65 92 33 
64 57 56 
55 11 56 
97 97 37 
10 55 6 
68 10 14 
100 98 10 
52 36 65 
63 60 94 
15 8 89 
100 1 44 
55 6 7 
69 58 53 
61 24 77 
69 3 87 
13 50 86 
42 81 52 
80 67 70 
36 92 73 
91 100 78 
23 27 62 
86 10 14 
11 69 96 
67 64 22 
70 43 14 
38 4 13 
90 6 48 
48 30 82 
61 54 50 
49 74 68 
35 54 42 
62 40 15 
50 48 46 
98 75 72 
64 15 75 
97 97 59 
69 89 36 
45 76 53 
94 54 49 
44 60 86 
16 81 52 
45 24 16 
6 81 41 
46 47 54 
12 95 35 
82 74 22 
50 99 20 
47 39 26 
94 48 28 
51 23 5 
94 81 35 
34 9 41 
14 5 58 
69 9 70 
66 54 14 
35 47 62 
25 4 57 
8 46 66 
69 10 63 
84 28 97 
35 86 15 
32 36 84 
69 35 83 
53 21 2 
27 58 77 
46 20 37 
64 88 5 
85 67 82 
37 27 39 
47 43 12 
25 62 56 
6 45 64 
97 2 23 
62 86 35 
76 5 23 
35 3 1 
76 95 75 
12 31 36 
23 11 61 
65 34 60 
18 18 23 
74 55 61 
9 66 11 
59 35 63 
51 43 5 
99 22 60 
68 37 27 
67 57 49 
7 59 30 
60 60 49 
80 48 47 
78 64 50 
6 61 1 
51 36 41 
18 75 91 
74 75 18 
16 96 81 
60 32 29 
48 57 94 
9 35 66 
77 86 31 
15 46 39 
22 54 17 
88 84 45 
85 89 33 
43 40 50 
31 53 45 
1 37 37 
13 42 63 
31 8 49 
38 69 2 
46 83 28 
88 26 21 
81 86 82 
5 93 33 
54 5 63 
15 53 27 
13 19 51 
45 93 15 
51 20 28 
40 19 30 
58 50 17 
9 93 28 
73 70 63 
83 48 42 
1 48 93 
78 42 3 
96 74 26 
54 77 85 
27 7 6 
99 17 2 
43 51 56 
58 84 27 
59 60 80 
38 5 53 
94 76 93 
54 75 83 
88 72 12 
18 50 40 
43 85 61 
94 9 26 
49 100 47 
74 13 10 
31 87 54 
93 95 38 
38 50 85 
78 98 12 
23 40 28 
9 68 39 
18 29 31 
25 10 66 
88 78 59 
26 16 17 
38 88 69 
82 34 49 
16 49 9 
87 35 37 
62 27 75 
75 41 83 
9 80 4 
49 65 67 
75 59 92 
15 86 84 
62 80 51 
41 92 88 
64 98 29 
55 80 24 
8 1 81 
88 70 74 
28 27 19 
93 17 46 
56 7 67 
54 13 38 
26 35 30 
3 54 91 
49 30 25 
4 59 11 
69 67 60 
45 67 18 
64 52 99 
54 18 18 
16 50 64 
58 48 91 
33 72 2 
64 21 48 
40 53 57 
65 41 8 
54 35 4 
3 94 68 
31 67 64 
51 83 96 
71 86 53 
60 100 48 
8 17 98 
71 63 82 
41 18 15 
86 18 100 
35 24 90 
26 6 52 
47 12 92 
12 95 64 
74 57 35 
38 44 64 
39 56 52 
47 12 51 
11 46 77 
84 51 67 
81 27 10 
72 4 4 
98 52 95 
9 17 98 
83 81 93 
10 20 85 
53 77 68 
61 27 65 
60 48 43 
100 97 49 
61 89 16 
91 50 28 
47 76 37 
58 95 44 
81 90 69 
64 73 1 
81 75 18 
5 51 20 
65 34 56 
99 32 53 
78 32 4 
88 19 72 
55 2 71 
29 72 80 
36 56 51 
63 48 43 
78 93 35 
100 90 38 
26 79 54 
47 14 51 
18 72 49 
80 9 90 
38 3 93 
40 30 46 
27 33 31 
58 99 6 
32 40 41 
19 2 19 
96 59 22 
95 32 89 
47 89 39 
4 72 2 
29 86 29 
9 77 51 
13 48 11 
22 22 74 
39 59 35 
15 27 77 
67 12 40 
92 2 91 
8 32 84 
98 73 18 
43 29 15 
33 31 66 
75 62 3 
57 45 42 
14 18 84 
69 86 41 
24 38 76 
50 12 60 
37 39 10 
56 22 42 
16 85 12 
99 17 75 
73 93 39 
91 52 93 
29 14 39 
83 35 74 
70 1 54 
83 47 2 
34 79 93 
61 52 85 
96 73 79 
66 36 68 
16 94 1 
64 54 55 
96 87 15 
38 34 62 
95 14 86 
8 16 65 
14 58 30 
71 52 58 
28 64 77 
62 11 37 
54 47 69 
86 27 46 
26 91 79 
25 24 74 
56 91 96 
64 37 58 
47 95 91 
78 11 4 
61 63 40 
45 92 55 
48 33 87 
57 91 57 
14 65 81 
15 12 8 
71 46 16 
24 71 89 
45 97 14 
56 63 74 
100 59 94 
25 36 7 
71 58 87 
24 64 22 
54 50 74 
91 96 94 
57 55 28 
75 34 21 
32 33 82 
25 26 39 
4 4 69 
17 47 5 
81 3 22 
43 84 5 
70 71 14 
95 100 53 
57 54 27 
7 7 35 
28 72 83 
26 39 13 
72 4 13 
2 10 77 
61 15 58 
22 26 77 
77 21 22 
78 62 77 
17 78 33 
100 23 79 
63 30 21 
38 59 13 
10 53 91 
66 83 28 
24 93 63 
60 81 85 
58 85 36 
12 70 24 
1 45 59 
51 85 76 
91 18 33 
3 77 26 
83 22 8 
32 53 9 
93 42 39 
39 33 30 
48 63 35 
27 35 85 
21 76 51 
29 75 9 
97 37 96 
100 90 64 
60 78 56 
37 97 28 
79 22 19 
9 54 4 
2 92 4 
21 88 8 
52 8 90 
3 70 90 
56 50 26 
55 37 46 
28 48 19 
94 64 17 
59 34 81 
61 80 20 
7 100 67 
29 41 84 
60 10 92 
34 75 9 
10 100 90 
73 85 44 
72 61 68 
95 94 76 
16 22 83 
5 18 34 
99 46 63 
5 39 85 
19 31 25 
47 34 46 
54 93 90 
34 35 39 
46 14 79 
3 92 54 
56 97 5 
74 72 31 
96 16 99 
15 34 31 
7 53 7 
15 39 49 
7 29 16 
34 2 99 
29 66 74 
48 34 70 
2 14 62 
95 95 43 
84 34 75 
82 13 8 
23 7 35 
71 58 1 
8 68 87 
63 6 4 
35 81 12 
33 75 3 
19 25 99 
61 43 96 
32 52 97 
92 9 74 
29 90 89 
2 80 57 
3 40 87 
12 20 48 
4 100 26 
20 86 27 
83 41 53 
29 97 58 
10 53 75 
14 92 85 
13 82 54 
58 38 57 
38 59 69 
58 4 1 
74 49 21 
4 39 12 
86 99 58 
78 47 12 
50 49 91 
21 65 89 
66 71 50 
59 4 18 
44 56 7 
35 27 77 
1 47 7 
67 27 72 
63 28 88 
59 21 61 
88 63 15 
92 88 50 
5 67 75 
81 45 59 
21 85 87 
13 88 60 
63 53 14 
65 71 33 
100 40 45 
67 36 86 
7 76 44 
47 29 14 
67 2 75 
78 88 41 
25 95 15 
10 26 89 
100 51 72 
52 61 4 
31 36 1 
63 34 30 
95 65 43 
67 95 46 
23 88 58 
99 65 25 
84 22 83 
30 25 31 
85 28 22 
21 77 36 
73 100 18 
58 76 72 
63 18 29 
53 55 96 
90 27 51 
45 1 92 
37 45 56 
14 67 86 
16 45 75 
28 66 62 
77 83 33 
66 97 58 
79 62 50 
59 4 66 
99 17 26 
32 50 99 
94 53 11 
88 56 18 
94 80 89 
15 32 24 
70 46 16 
33 56 92 
72 58 22 
100 20 52 
19 95 11 
78 60 95 
20 5 87 
98 79 29 
50 76 91 
91 26 94 
90 9 15 
54 81 52 
76 79 3 
68 51 60 
66 48 55 
40 92 50 
33 81 37 
40 85 31 
34 3 14 
11 55 40 
53 71 67 
70 68 31 
17 28 78 
99 61 36 
45 88 15 
45 55 75 
9 77 32 
60 80 7 
86 11 39 
58 39 10 
46 7 32 
53 87 54 
56 63 78 
88 40 74 
95 11 45 
80 37 12 
29 41 28 
59 70 89 
93 67 40 
50 9 46 
74 9 1 
65 75 63 
20 60 53 
85 94 39 
2 85 37 
45 97 98 
68 41 79 
50 66 46 
90 34 66 
92 31 29 
20 27 85 
27 69 43 
90 68 51 
52 5 7 
67 41 71 
2 20 16 
35 3 66 
21 55 32 
72 73 100 
11 46 51 
90 49 50 
3 45 9 
82 12 38 
26 70 97 
70 66 94 
96 36 44 
30 66 74 
15 81 34 
32 96 31 
9 25 53 
63 9 27 
91 36 79 
46 96 37 
99 33 66 
90 33 87 
11 7 66 
17 59 77 
81 41 99 
61 84 13 
15 96 35 
93 99 96 
61 92 20 
63 43 35 
28 15 20 
49 85 90 
60 74 2 
51 18 40 
30 98 81 
21 75 81 
41 56 43 
40 45 39 
11 52 89 
57 99 72 
78 78 65 
20 45 69 
78 84 51 
39 40 71 
93 28 12 
74 46 33 
54 87 21 
33 53 38 
76 34 19 
72 40 30 
37 99 96 
50 33 38 
85 44 86 
8 93 33 
23 38 95 
28 83 84 
58 32 95 
82 82 99 
97 69 60 
48 82 68 
30 84 53 
33 94 42 
98 35 100 
89 73 44 
56 13 22 
95 13 57 
32 76 74 
32 95 19 
47 4 1 
50 99 23 
86 79 81 
21 79 7 
38 2 64 
61 41 92 
26 56 78 
34 89 22 
61 72 60 
67 23 57 
97 34 59 
16 71 88 
70 85 54 
53 69 54 
72 2 75 
100 96 99 
7 64 82 
61 80 77 
81 37 50 
70 17 63 
26 17 24 
95 47 74 
37 57 52 
76 92 56 
9 17 64 
88 61 9 
66 21 36 
96 79 21 
11 82 17 
13 76 5 
59 14 42 
6 42 77 
33 71 13 
11 77 6 
53 5 61 
99 28 85 
27 25 29 
83 14 56 
29 61 7 
23 59 25 
44 42 25 
81 42 27 
42 67 53 
53 87 4 
9 36 30 
26 57 6 
74 46 56 
99 17 35 
13 98 24 
6 85 3 
10 20 4 
23 52 38 
1 45 53 
91 4 46 
33 53 47 
87 73 37 
61 42 70 
72 95 2 
63 63 52 
12 57 57 
57 67 49 
14 25 66 
99 95 20 
60 77 61 
25 16 53 
13 48 68 
27 54 44 
19 84 44 
89 13 52 
51 84 81 
75 75 67 
52 83 7 
87 87 11 
45 76 7 
47 57 87 
38 33 82 
88 33 3 
25 97 95 
56 87 37 
29 89 73 
9 76 56 
3 61 51 
24 36 95 
50 95 40 
89 82 14 
23 27 7 
41 34 29 
65 67 91 
55 29 90 
54 80 7 
99 5 11 
72 8 8 
72 11 95 
39 28 32 
33 90 20 
92 59 100 
89 63 32 
69 29 79 
57 64 54 
69 77 40 
5 23 49 
63 16 87 
94 47 40 
49 59 55 
3 26 11 
81 92 28 
24 73 6 
43 92 99 
69 54 24 
38 14 58 
36 13 81 
59 98 70 
84 47 86 
59 47 96 
73 41 68 
61 76 30 
37 68 75 
50 93 62 
98 46 99 
91 100 21 
44 72 88 
81 20 20 
67 45 17 
81 40 84 
85 68 66 
20 23 49 
17 57 64 
1 87 62 
72 14 8 
77 25 93 
88 91 70 
78 44 74 
55 66 37 
13 98 31 
95 3 45 
57 44 49 