2006 6999
1 986
758 1408
1760 1635
1750 227
985 173
1435 1190
362 1228
624 1993
580 1195
830 1487
593 1041
1922 1926
712 151
294 917
1 1373
985 1126
733 893
1982 1264
1137 1993
738 1204
559 1521
743 240
1767 593
1571 1948
156 1412
1381 126
1952 956
73 1972
460 893
1809 1478
1612 1905
503 1060
837 1631
1431 1249
34 861
1768 225
640 875
1804 1957
1561 630
349 1729
178 1368
79 1600
1132 1332
1631 1172
793 1819
1547 1835
1863 1474
1612 912
600 1439
341 982
1092 947
1079 1365
22 1045
60 1131
1 849
1081 1136
1898 1062
1404 1636
789 401
1060 73
1518 808
1765 1045
1 1939
1922 262
1 1096
302 1926
1321 347
247 1561
599 1561
1014 2005
1395 677
1190 630
1337 7
1863 1004
1799 931
97 114
731 1684
1767 719
1903 1830
1429 644
677 946
610 925
1827 342
1856 619
1 56
948 774
1258 883
741 864
989 914
1772 1125
1196 1069
1192 1348
630 53
749 1520
98 234
963 1269
1056 707
781 1602
1977 1975
568 814
1828 1474
673 1394
483 893
1403 1335
1241 1510
570 1549
1031 678
1119 517
1411 721
1901 653
1703 797
460 1812
1837 654
1534 1257
1342 559
1006 594
1292 1849
1 1704
1355 893
103 1194
988 2005
926 1541
1408 1797
1260 2003
692 1199
1477 1332
1960 926
555 567
156 1945
94 1412
1179 1715
1807 1386
1998 893
38 1369
1533 1574
1 1361
808 1214
1367 1445
295 531
1475 1865
1580 1305
1220 234
1436 1337
762 1482
1616 1564
1141 804
1582 1086
726 1093
306 2
837 1954
1429 1071
1381 56
836 106
1697 1489
1 713
369 1660
1429 113
1847 121
277 713
1381 136
1401 1561
726 343
1345 893
97 268
1227 1701
1558 1474
1973 1704
1159 1388
1343 1104
1626 772
1382 226
988 314
1780 184
147 630
2003 1421
451 1220
855 1617
1627 1764
1620 1985
248 1237
1277 1673
290 1385
1439 268
51 744
30 2001
1870 1886
870 1260
471 526
221 695
1307 1233
1226 2005
1511 184
1249 1808
1876 1950
682 1211
1122 1595
1626 893
664 956
1393 1043
1734 1117
362 1815
1875 1282
1608 1778
911 1986
1608 903
155 630
42 896
1414 381
778 1895
110 40
1644 770
19 351
69 114
439 148
1158 520
2003 1860
481 711
1669 493
329 1660
589 9
30 1292
479 1970
596 1775
1889 557
1767 1438
357 1474
1241 772
1436 948
1767 1837
486 1384
708 416
406 1067
644 95
1923 1094
244 828
754 1446
20 1017
790 1333
767 948
1797 1942
1121 180
594 1006
1234 354
827 1260
633 1648
697 1412
1365 1122
960 1042
419 993
297 474
1116 180
122 816
1905 1474
1810 279
62 1307
81 42
343 271
836 1270
738 338
977 1646
1652 1156
810 860
620 40
335 1462
953 198
1345 617
110 1525
1443 1587
1796 339
752 432
250 333
252 1961
1309 1992
849 1378
1271 947
306 45
1568 154
144 677
1436 1332
1124 1915
468 1314
911 1992
1185 1527
691 736
836 318
1905 380
1706 2005
1842 1504
1277 126
1914 397
808 463
696 213
477 1862
518 364
1754 929
1436 343
1004 1408
1408 755
1612 1920
778 893
726 48
1638 1102
1584 731
278 655
785 1979
1631 1435
1534 1474
1332 1544
1 1368
1212 1916
875 407
1973 1294
593 239
712 1474
859 654
1015 208
56 1826
1038 1869
1591 1098
430 832
696 1159
1592 1164
32 762
1360 1083
1404 1408
1120 1759
1137 1040
661 1561
1091 686
1365 168
1724 1200
42 196
1045 893
815 687
640 968
821 1020
1125 547
763 716
54 1120
1320 29
1529 1004
723 618
273 1466
895 1622
325 35
1408 1718
1743 1926
1965 1942
1761 1293
300 377
1146 1249
847 608
1479 394
570 1617
1533 196
948 343
966 1474
73 897
842 993
1514 469
369 847
1 267
369 1098
1600 40
1498 1435
424 48
110 168
870 1094
1345 1474
22 893
576 1854
556 1388
1138 1190
1734 664
1644 1547
1137 46
1243 360
1219 1236
779 1218
1133 1014
1429 1630
211 1729
785 1665
41 164
1132 1560
790 674
362 1426
1101 1361
369 893
1947 1190
596 1324
699 478
790 1059
570 824
599 920
882 1474
1165 911
1941 1577
427 757
855 1362
1908 893
1101 1176
712 332
1165 991
1520 1272
916 649
952 883
1334 1260
654 277
1389 1678
1 183
726 476
426 1718
369 1474
1092 871
875 1430
1740 883
1620 584
1405 909
1752 950
1098 165
1143 1935
754 168
1580 198
1332 1405
1277 137
431 748
1463 1484
200 460
1302 1957
597 723
593 979
1004 1857
1946 317
22 168
620 1474
162 614
1769 1822
1515 1651
1321 1592
252 755
22 584
1868 1474
1994 746
847 1098
1754 1311
1995 1729
26 419
267 1659
1707 321
1646 1038
1305 953
1118 158
466 48
754 1045
482 58
1310 1474
32 574
1319 1877
998 1233
527 1698
617 328
846 1399
640 694
476 556
1802 1660
676 1249
2003 242
1434 1087
1292 1190
1309 1972
7 53
767 893
403 4
590 1858
175 1729
1580 279
1381 756
1429 527
712 22
310 347
842 679
384 1265
1795 897
1834 1474
212 862
1947 1788
1826 454
1845 1966
236 1865
1947 1092
1165 1981
1994 451
1435 1410
1028 1660
385 794
1337 1474
878 1322
1298 1069
1729 1360
1631 1190
1399 231
518 1435
973 1497
1833 919
1943 181
1366 1716
1032 1609
1537 287
1224 1616
690 1500
1092 1887
122 134
1362 1951
1898 298
1419 681
668 558
1267 608
1847 1467
82 950
758 1474
247 1936
560 515
1410 942
590 893
1367 1823
1365 1474
1078 1160
1429 438
1889 1919
51 1023
1226 1435
231 68
1946 130
579 462
1381 1371
58 482
749 1825
1 1700
161 893
1532 950
1654 515
808 1449
1903 818
1057 1869
1603 1363
1810 1987
359 1045
424 558
433 1606
580 1718
159 1249
1155 596
2004 1281
1091 1485
1446 1122
1196 1477
1238 1474
1901 1866
738 1195
1402 435
716 1842
1499 49
1760 1858
1212 168
492 1145
676 1028
593 479
527 865
30 1462
23 1672
1769 588
1269 332
541 801
1398 593
1242 229
1529 1408
456 1098
979 343
461 1007
224 37
1655 1350
1724 1064
1889 1232
178 1013
1079 897
636 1869
741 438
49 290
487 636
767 1474
1 1689
1787 1218
1549 1077
177 440
203 1408
14 1789
448 1255
1226 1474
726 2006
969 659
1851 1435
1 1608
427 1431
1226 674
827 893
1001 569
640 1988
1734 158
1853 1418
1414 1391
1965 343
1423 670
529 656
1232 1215
870 930
1680 1650
507 1292
661 1140
1838 1314
1533 1045
451 1474
1716 289
1960 90
201 936
1109 653
178 63
1190 1651
1851 89
915 1535
582 1778
256 612
1307 62
270 1357
758 1452
1382 1779
1237 693
198 953
1381 134
1381 537
1991 1437
632 1812
147 1718
1987 219
1877 806
627 1435
338 1943
714 986
973 1102
395 332
1335 1738
1365 1973
1728 1519
1719 1544
2004 476
1228 1113
283 1709
1365 459
30 1631
81 100
906 96
1702 730
185 236
1145 140
252 1797
1931 1434
309 221
1368 1818
1388 1431
1200 608
1581 1408
1142 1190
1889 1260
758 73
1044 1460
840 2003
1 327
1152 467
973 1916
1051 1482
1414 893
1100 291
427 630
1796 858
93 395
1269 337
1498 1292
717 1709
1332 873
1018 1594
1724 1986
318 892
456 766
1772 372
1759 1154
11 199
93 173
749 1399
757 893
1556 557
1826 1823
1644 1607
144 333
1308 274
1769 73
1858 1671
679 1300
1821 905
599 201
757 1087
1767 1474
712 1019
134 1273
1974 1764
1671 1858
1360 1729
408 371
1429 1127
25 170
1749 1286
1302 578
1984 840
1435 281
926 1660
1754 1519
120 284
1429 514
806 1304
959 1246
948 19
1159 1474
1928 1892
1791 129
1155 1302
14 1475
1734 1301
1956 1556
187 337
147 1660
979 1525
1446 897
1319 335
1901 425
1320 409
175 1902
1381 937
51 1466
1495 558
754 838
726 1561
1146 1273
397 149
900 254
269 1166
349 748
357 42
406 1491
1138 852
1 121
247 202
1772 972
1381 737
82 466
610 742
1540 235
1467 1895
662 1912
1003 1658
1651 854
1328 785
121 781
1397 806
757 748
1274 851
1309 1945
1102 1549
542 1222
1447 1636
628 2005
1678 1516
1 423
1840 1594
171 176
169 879
825 1244
1 1503
660 1295
122 1713
325 130
597 1547
1638 763
1684 573
1879 912
431 756
335 849
1560 749
1834 48
1186 1213
372 1655
1429 1255
280 52
321 1962
1795 1936
1719 1651
1355 1002
668 1514
248 1963
1768 1316
1060 1591
305 512
1295 705
1326 92
1444 159
1335 475
1885 1462
568 1883
456 22
1196 1644
1847 1023
1902 1388
1031 1468
520 1158
730 1776
100 606
287 696
1 1144
82 911
1889 1327
1182 1229
870 308
648 231
1028 506
329 536
1343 342
1529 40
599 1116
1141 970
49 19
1984 893
14 56
590 1850
436 341
596 714
1875 1112
1332 1469
379 974
1497 1165
1206 1364
583 1176
1031 893
983 827
1809 397
362 1095
1905 1549
983 1474
1693 957
2004 1095
1429 759
1936 40
1328 525
425 1820
649 736
1305 225
1706 1436
1467 1847
1586 1181
1690 714
943 139
1 727
596 875
1426 362
758 844
1734 1161
808 1675
1701 622
657 669
934 1976
2005 1561
1930 2005
1399 1133
1788 574
344 464
1898 99
19 614
1660 380
1590 501
538 300
966 446
1153 505
333 1618
645 1711
1498 1138
690 992
1069 1562
483 677
1472 523
617 496
1554 1552
811 1929
1902 547
369 343
582 1981
1429 838
194 1614
803 1512
178 893
1612 1474
1165 1116
1550 1835
105 1422
756 773
1330 1750
1084 385
686 783
751 952
1474 1746
478 871
1367 1468
212 1335
1707 22
476 893
1 1335
62 240
586 596
435 1605
283 220
988 1122
359 847
1477 992
1908 1015
335 150
788 1195
1226 30
754 1502
1036 452
299 1206
844 40
1716 889
1998 1752
1247 1136
808 225
1833 1798
1517 1511
337 1980
46 1347
979 1122
759 1259
1 342
178 380
733 460
1983 753
1534 972
1681 1962
969 1248
238 1353
1555 440
485 1340
1719 893
573 1323
545 948
1987 1897
596 873
247 1474
1469 1169
1583 265
1217 884
322 678
1875 557
452 26
762 235
321 1045
911 617
762 574
160 1003
1875 1334
59 386
1023 878
439 1055
1996 1614
640 407
338 242
1474 60
1985 19
1 103
1292 386
1198 360
1405 968
1307 893
1430 1189
1243 343
1378 442
1439 925
952 343
1810 1414
28 1891
590 1660
1543 224
1628 871
1123 540
17 550
1809 1190
1260 1761
1612 590
162 1159
335 1215
488 775
162 957
80 1474
1877 373
1922 1686
1027 632
1628 1745
628 168
538 126
147 1114
979 613
530 1830
1212 1591
1316 1522
817 893
210 1280
210 375
754 1525
106 1331
1772 875
1745 473
336 1490
559 116
1238 865
1381 1642
897 859
1769 1938
237 979
1749 450
91 1673
329 1431
10 229
1358 203
1718 2005
1089 43
466 617
844 2005
433 1104
1906 1805
855 1574
1 1760
471 989
1249 623
324 1655
64 1393
1097 25
795 1285
387 1014
796 1680
1753 304
593 40
1381 1458
1560 231
415 309
190 564
1012 322
506 957
648 893
1491 565
49 1973
640 1302
210 168
625 1035
1863 1718
1292 1682
1365 859
1159 1651
369 1623
1965 1474
1591 1525
14 1574
748 2
483 1821
615 1482
1159 1428
642 1728
1 1462
1157 1016
1826 1593
1787 200
211 1116
584 1000
94 625
1651 343
980 893
1803 1332
1677 533
1196 1277
754 1630
507 225
1906 893
1660 1992
1023 928
547 242
1060 1404
1429 1520
1429 1531
329 587
393 1206
36 910
842 1526
1269 754
1533 1474
1375 1433
966 634
1023 1419
1343 709
230 1679
42 1332
269 1492
1429 1717
1815 637
1791 841
1417 476
1735 666
1247 998
136 554
625 1190
1081 1799
1936 1045
1673 1440
1478 1474
763 1345
458 1140
712 1128
1 1363
1205 1656
1141 1561
1439 1236
1375 1266
273 1993
1898 773
1369 1445
1110 1643
349 1405
233 434
15 1092
1335 770
1 1587
1811 434
1343 1258
590 1549
476 101
1515 1518
237 187
456 40
375 863
1177 557
582 1335
1249 904
1965 148
1925 607
617 1890
329 617
1767 893
343 1087
55 899
845 1187
518 30
1515 935
1404 1122
1816 1699
1343 47
836 102
1321 822
1429 1680
1435 1508
1335 1009
1965 1122
406 1150
637 450
1803 1787
1052 546
35 772
1264 187
988 1408
1984 19
1763 1291
1053 1491
808 471
1880 1977
640 1042
617 1917
1155 587
1109 1878
1177 1260
1011 871
600 1632
72 1973
1938 153
214 1561
1 1747
493 1756
80 1455
757 1627
1899 397
386 59
902 264
1335 281
1366 1343
1868 1190
40 1045
1073 1018
73 1596
329 918
1343 1660
433 948
359 258
768 1731
712 1635
568 858
810 1473
364 788
42 557
1177 743
780 1323
1359 249
1060 893
94 1853
1579 1918
467 145
712 1045
349 1417
1011 700
1889 212
1766 1901
964 1012
1575 678
723 1215
980 1249
466 1028
1254 899
846 1474
1 1504
34 283
1436 1015
1408 593
778 19
213 556
1772 407
888 1201
1497 1474
648 357
144 435
1116 619
1445 135
264 902
1903 276
854 313
1617 1525
332 1718
439 893
1335 774
1580 1675
1965 1408
1429 835
1335 1848
534 836
1254 474
628 1617
1477 1814
1468 1332
832 430
13 1224
1435 893
477 1807
847 1122
1328 1012
1381 553
1330 1525
1729 967
825 1901
1903 347
1014 656
251 1935
1 150
1638 466
1429 1987
854 566
737 1099
144 286
381 1474
617 1116
1098 1474
1787 1558
544 1474
1714 30
1429 609
1 1632
963 1408
395 693
681 1419
339 133
179 1824
226 179
332 1474
1474 1969
1 438
1047 616
375 1396
1860 1876
952 1926
1068 1604
610 1219
486 198
545 846
79 168
407 1282
1795 1549
1241 584
1561 972
797 1455
1735 274
900 505
31 735
329 291
1026 43
1524 1675
1768 396
1116 1136
957 506
1146 1917
3 1548
1998 903
1478 863
1444 1623
22 141
160 718
222 915
471 1881
963 22
1752 1697
1551 217
1707 234
1644 1673
1212 37
980 1474
439 483
492 55
1985 1116
1034 1848
844 1623
503 1470
450 1815
1 1105
617 157
941 443
1437 1010
1292 893
1133 543
411 645
1408 1980
294 1935
1226 1092
40 750
147 1837
577 1069
1429 1208
1319 1644
379 893
762 550
1875 1732
1466 857
1842 1249
1435 1666
375 841
359 1819
80 1718
1903 1781
723 1370
381 335
582 97
983 179
1734 1203
1653 125
924 1790
948 1451
394 908
1851 1241
758 814
122 1921
706 1579
1719 48
840 1292
858 167
1435 1207
177 218
15 105
1547 200
1197 1465
1889 155
1129 1985
1877 1561
1038 655
627 19
694 1405
1429 1696
144 1763
979 1820
1903 704
1011 1996
75 275
1981 1377
1626 426
1187 845
87 142
1243 1748
1982 875
1138 1225
1670 1893
1321 1742
1104 1337
1001 239
1414 335
1103 103
1 1371
1985 506
127 1699
811 1919
452 1632
63 960
617 1474
424 2003
1864 1981
42 131
178 1
1949 1413
114 69
1555 893
1292 391
155 1332
414 1638
1042 960
1608 571
1491 1732
310 893
102 106
1722 174
1330 508
1341 1238
62 1190
900 69
1342 1502
471 914
636 487
1335 786
661 1962
1098 1525
977 1040
1828 40
931 1304
991 876
1812 1027
1276 809
715 1296
1280 1959
56 833
1699 1077
846 1191
767 1630
1943 338
1334 42
450 1112
1965 1651
1178 1667
1381 1418
369 48
660 1547
1241 567
1927 1535
1833 1332
726 1474
1269 210
1012 38
916 1257
720 443
545 75
346 1358
1778 1608
1795 847
785 547
808 883
1467 996
1260 793
1816 1701
708 1747
1973 68
899 55
1381 621
8 1242
496 293
1355 94
1243 1191
741 468
1211 99
659 955
2004 446
1902 63
900 208
421 1779
1833 1764
97 943
741 1629
581 201
1146 619
1403 1012
1570 1249
32 1921
672 1474
742 107
882 1431
14 1449
1060 277
599 1108
1834 979
1719 1614
1 1748
1833 1835
1270 1304
1593 1522
15 242
434 1811
384 1985
1647 380
1404 1700
407 301
684 1782
496 1625
1556 155
810 725
433 1558
456 332
1791 937
146 1530
161 1985
1501 137
1529 168
1619 399
1947 1741
1703 1944
1638 1474
79 1525
492 619
2000 1895
1302 70
79 754
930 1882
166 1882
1641 1101
780 1012
991 1118
456 1408
927 1268
754 516
195 1474
1600 1411
726 19
1 54
1036 893
1490 1874
439 1260
1226 893
1996 699
289 307
1889 248
342 1306
590 1944
854 1609
162 1089
161 748
1791 1260
1570 1325
381 1930
211 2003
5 193
138 172
844 1065
988 593
1196 1674
1626 1682
1381 1484
738 1012
749 1104
712 1561
619 592
1733 1459
1903 1649
1301 12
1309 746
426 1170
1743 1654
1769 1692
178 1072
1355 828
1838 468
1253 913
1714 1474
451 692
1795 890
576 137
1277 893
372 1302
1478 117
639 873
619 114
676 893
1381 1329
844 73
893 1157
1381 154
1987 208
133 1288
247 1811
1429 1083
1721 821
1 1434
1177 893
168 47
805 292
187 89
1381 1029
1785 692
1803 778
1863 332
294 857
477 1081
436 921
337 1013
1259 759
1768 970
449 1071
716 920
1063 148
1617 956
144 1812
1190 200
1 29
101 1665
50 1986
1474 1651
1341 1468
91 651
44 1394
784 1329
14 1797
248 996
1067 590
1560 1085
648 1556
898 785
1429 999
1182 992
22 513
1842 1102
110 318
714 1
1366 343
1649 256
1026 389
1795 979
966 86
538 744
786 131
326 654
1277 597
1608 1821
436 1521
30 152
1319 1474
1390 1477
330 1098
1067 42
50 630
1014 1442
1828 654
1734 893
1784 388
556 1620
407 1351
1723 66
1779 421
4 1925
1874 181
1534 578
771 529
2004 1474
507 1743
732 1032
966 904
1968 1053
1769 1971
1028 2003
896 1055
1565 1186
1854 1440
1649 1913
1015 707
937 1379
161 259
1572 589
1177 525
1902 1425
1695 616
1913 87
1146 1474
690 1556
1767 157
1436 337
1581 1003
39 246
1381 1504
966 1241
1103 1254
1875 1474
1628 186
72 1561
928 298
379 1110
379 1474
1903 1910
1546 1287
97 226
1177 1332
545 1332
1277 318
1881 1449
540 1172
595 1408
1638 1064
28 500
1007 461
906 1880
1833 513
349 688
264 890
648 2003
670 872
599 1737
1343 1218
1233 881
1791 42
1106 692
1673 2005
951 343
427 1651
14 1175
1166 1639
1549 1474
1579 331
1809 1288
532 560
283 201
911 1766
1618 333
1164 1204
73 1045
1014 1399
886 1498
976 1859
1766 61
361 650
1714 893
36 1474
1714 1190
726 1867
637 1228
358 13
1737 256
1104 1549
339 1367
830 488
1307 1213
1894 500
1446 1150
492 529
1429 1951
22 1004
1335 1628
762 1862
1626 943
379 654
1515 1332
1957 732
963 593
674 124
1880 906
335 1341
1594 1018
576 30
1444 553
983 1732
582 144
372 1012
1196 1893
1768 461
1 925
1381 1246
503 259
1449 1881
1045 2005
840 576
695 415
1104 362
1155 267
139 128
536 864
1151 1040
37 224
1768 808
514 521
1098 78
446 944
1177 547
1327 1804
1053 1920
1922 459
544 1697
1534 748
825 584
1075 766
485 1258
189 882
1793 2005
1856 1532
395 1237
30 413
1596 1163
1840 834
1152 1730
72 592
763 1766
875 499
643 2002
178 1474
1554 896
1968 893
1 1538
846 750
134 709
1965 1486
320 1918
1921 535
1650 796
1703 1316
652 723
196 1324
1748 1708
578 311
895 782
299 1607
583 672
1200 1609
1026 893
859 1624
1593 1693
1854 1136
1365 1728
326 593
1 308
125 1653
144 1057
1435 1474
1570 893
920 893
814 1168
274 1308
1468 2005
1381 727
1684 1549
615 893
588 893
56 1214
1719 1554
503 1759
1626 217
1565 741
1023 1243
1997 257
1190 1240
1590 2005
1355 1589
349 1474
1091 1260
299 1894
1469 1474
948 233
617 1379
1073 479
1749 692
1932 91
476 972
1260 1660
1523 1702
1946 772
1729 1628
1533 1122
844 325
338 336
1936 2005
780 1592
751 537
1754 694
414 1102
1936 552
1328 1302
963 1339
620 1004
1534 1561
1104 893
628 1408
42 4
500 1250
1972 232
2004 1454
1529 1474
1266 1321
726 748
1079 893
1261 522
1889 491
952 1631
1317 1393
974 800
1436 423
1898 619
426 1404
822 1479
1162 1105
785 1381
1706 85
397 1003
859 1712
210 1004
1664 259
1293 1257
1973 979
218 281
1064 617
1719 1267
583 1122
95 1356
1330 1004
758 343
1328 116
966 735
1408 1573
1200 574
1732 1489
1552 1532
1204 1164
110 219
853 732
867 1227
637 1113
1026 977
1899 893
332 893
214 80
619 1985
987 578
40 1771
281 1687
898 350
1448 352
424 541
1216 990
1803 905
758 1045
1057 655
1455 1175
1471 593
369 22
1381 1704
788 578
1358 593
518 822
1 1379
484 978
1998 557
1 916
726 619
1973 277
617 1981
597 1477
1332 59
1706 1528
1534 746
1269 863
1152 1161
1159 175
1 78
1736 765
1952 862
14 471
1769 968
844 1316
1785 1474
1643 799
1202 1015
1879 893
566 1814
1300 1286
844 893
1754 1292
1023 149
798 918
1805 1431
375 1269
1768 739
28 1057
873 1545
1968 410
1103 825
1302 714
220 1979
1439 750
991 1474
416 766
1366 948
912 1311
1423 16
866 105
503 2005
1384 486
1558 1354
733 316
1809 1972
726 618
1381 1860
1116 630
1112 1722
1141 855
1515 1556
1156 621
492 893
169 127
573 854
73 1647
1851 1092
1429 165
471 889
1420 150
1898 1431
715 997
1534 476
595 1863
1345 763
576 1190
900 1891
507 1355
384 606
1833 1547
1053 155
352 1188
979 1168
382 783
720 1971
1399 1343
54 1374
1844 1710
1714 1
122 1673
1328 875
1021 1480
1851 1292
161 1729
248 799
452 235
616 565
767 1231
1863 788
1868 924
1414 1341
1264 1962
1787 1803
335 893
335 1474
56 883
1531 148
1436 1706
1081 470
1044 780
617 893
813 266
1001 681
357 567
1518 1495
1765 593
448 1332
82 676
636 602
1262 164
1307 1926
1079 1501
73 40
1793 893
1158 1248
1102 1660
1535 1710
865 1597
36 1985
211 1549
1 1880
844 1617
1875 42
893 38
42 1281
598 1514
1381 1503
1497 1249
276 1917
1226 886
1284 1273
1713 1964
1899 1146
875 320
419 1561
748 308
178 1651
95 683
357 1651
1090 826
426 608
357 862
1301 232
817 131
836 534
1436 1193
1809 1474
451 501
1788 852
1366 1332
1930 1810
624 893
538 1023
1851 957
247 1718
882 705
973 1105
749 948
175 1651
1222 400
1497 1329
1053 42
1620 134
1120 54
1826 1244
1875 626
920 440
72 1927
1138 889
1705 300
880 10
1892 1928
1343 1284
175 509
1201 685
1 1377
1429 981
1960 1432
557 835
28 1985
1024 242
1315 572
1207 318
1053 1561
1074 1506
597 532
1965 485
329 893
1012 1573
2003 1056
958 1733
886 894
527 43
272 589
1102 1842
402 1806
1707 2003
1203 1279
1417 508
635 1167
1334 1557
1343 1474
639 337
1718 1710
1 1778
735 31
1334 1998
1482 1051
979 1055
600 1799
299 2005
1103 40
490 1834
929 1823
1165 50
1651 1730
1075 1116
1787 1474
302 1190
1626 1408
570 553
1847 248
1 835
553 39
194 1292
1146 1964
1844 320
763 1842
1 687
441 968
1260 1653
880 972
1375 1192
898 1652
330 976
1534 175
1898 618
1767 1624
1126 1474
738 482
1396 116
1145 1405
600 1020
846 1673
809 1738
1612 483
1429 1816
1265 314
256 1737
518 630
414 1247
1534 285
1468 1797
1122 943
1044 1433
155 19
1366 19
1638 50
570 296
1426 1692
372 407
1724 763
85 820
1703 1826
1343 835
846 545
539 1611
1488 1243
1190 1657
155 1518
1336 662
1890 213
93 1617
414 1901
1640 64
1066 428
983 347
1381 1429
1894 889
1260 1871
780 1567
1932 527
1809 982
1555 98
1903 575
1716 478
1982 1125
1540 1337
1381 986
1343 284
605 1059
1945 366
751 777
1092 1512
600 895
1801 502
984 70
1474 1430
1654 48
424 1027
1 1844
963 1589
1304 1270
597 1002
1414 201
767 1476
901 1642
226 1686
1335 1505
1429 1338
1851 1138
339 1575
1177 541
1795 971
56 1923
1429 1587
544 1332
477 1017
1477 1390
882 476
1697 893
1795 1122
313 1348
330 40
1280 639
1518 634
590 727
666 1691
1335 1506
84 1174
1716 1685
672 1546
741 253
582 1245
1533 593
1474 1107
851 584
1772 2006
843 1483
1188 1448
1365 863
30 893
483 1260
1791 1867
952 1474
1488 1136
1719 402
431 1474
1994 1117
1919 1255
788 1317
1031 1859
1418 1853
321 1122
947 263
178 1388
262 1456
181 336
1684 1669
1075 567
651 735
661 817
1152 1321
1741 791
1357 1934
1555 692
682 22
1877 2005
344 687
977 1966
545 1552
29 220
1313 1982
1694 1746
1010 1991
1 1808
1968 947
1343 1228
1365 1057
480 1049
477 792
1875 1332
265 65
1121 900
1541 622
882 1455
1621 1333
1841 1062
1360 1116
1610 1523
900 1972
1838 701
946 1395
211 476
212 423
1529 332
326 1474
1468 1561
40 1294
1837 1512
600 916
859 1474
1266 1595
299 485
293 1541
600 151
1555 1474
1766 911
590 1651
42 200
1004 1506
1328 1686
1309 1970
738 1313
751 1435
1137 1718
580 1474
1212 391
1478 1113
210 1062
648 1518
1718 350
661 42
1605 435
1014 91
451 1190
168 1857
431 1798
1247 1677
372 1020
83 1383
624 168
1381 587
758 1639
1381 248
1987 1301
1 480
299 1388
1851 279
507 893
310 15
921 243
1320 69
1355 158
1873 1240
1425 1750
320 1844
414 893
1809 612
49 40
1247 1901
1388 647
204 1211
988 1474
1588 725
1800 1808
1479 1205
1743 893
1743 1618
256 1021
1471 214
1049 480
413 1622
1059 605
620 1581
1126 1031
1408 979
1360 826
1642 901
1381 172
1366 893
1801 312
189 619
683 928
1428 671
1433 1389
1854 576
1471 654
1718 1633
123 1922
1379 1254
1104 1166
757 175
1381 1683
1216 1170
966 743
1467 1023
1429 1295
757 1985
620 1561
926 2003
617 48
15 302
193 1415
656 1035
1379 1051
1409 893
346 593
1768 922
977 21
597 1277
692 232
451 475
1984 1474
1484 1463
175 363
1478 993
1121 1024
1834 168
424 1116
1654 507
855 653
1500 1916
144 250
1402 532
617 1920
1251 262
364 1589
1688 594
81 1474
1610 1561
110 73
1177 582
1467 925
424 1474
988 277
545 1831
2002 631
1408 173
1320 1939
1395 163
1398 1525
988 22
1660 1
1335 603
1560 908
1714 1292
785 808
1565 893
804 303
870 1518
1226 325
547 1874
1998 66
1851 740
237 593
1243 477
1949 1347
439 19
1889 1334
168 728
1842 48
1965 1124
712 1259
1802 639
1808 1800
16 1909
518 216
1788 886
545 749
917 1023
547 935
1 1219
476 380
346 1617
1026 869
674 1576
969 391
597 335
410 1348
714 1486
583 1592
1360 1954
503 40
1302 923
964 92
1087 1253
782 1622
1005 367
1719 27
2003 630
820 611
1271 322
568 1962
1439 812
1102 1972
1833 669
1560 219
1713 675
1901 1474
617 1195
1515 1491
1471 332
588 1212
1060 1208
1126 630
419 1190
628 1122
1724 1651
117 319
1212 857
1562 577
2004 211
1795 754
599 213
732 1619
332 11
1 658
1053 1260
1292 851
1301 479
1155 640
40 914
1439 233
214 1004
1177 1518
1387 523
49 630
379 523
22 1936
1903 397
301 1599
41 316
110 1983
1914 1572
1362 1141
22 48
729 561
1591 1561
811 608
1381 1233
741 1792
1497 944
175 211
1401 1636
1031 1164
1474 225
590 1629
1429 173
1822 1557
1045 97
1995 162
690 1518
847 893
321 465
1149 932
1439 248
1788 1168
518 125
1 795
1414 1798
326 1137
710 1543
1558 1784
911 1116
1706 1274
728 1762
1408 1561
1965 1004
329 1549
692 993
1515 810
1851 1101
726 1775
1709 717
1439 958
365 213
1129 551
1894 1527
379 1649
158 1526
185 801
376 1736
660 1474
1429 1254
329 1620
597 1691
851 223
583 1287
1417 1729
917 1210
625 302
218 440
1460 354
1984 560
1103 479
1518 460
1 139
439 1474
617 2005
1491 1215
81 1590
18 1873
522 689
1381 906
1106 171
1226 1241
452 1474
1190 1474
456 488
1429 447
372 1030
1558 328
1903 272
552 1689
207 191
626 190
1995 211
1 1420
1381 795
733 1673
162 1251
1231 1989
1534 954
161 427
731 19
763 186
881 998
1155 347
538 86
1103 1508
155 166
110 893
476 1249
451 1148
882 1985
357 1334
215 1438
1506 1074
1782 1428
708 759
1465 1197
79 712
1933 199
835 634
263 1427
357 458
855 168
144 1869
1902 649
538 836
277 859
738 875
1638 414
392 773
1343 1673
339 670
758 550
1121 1012
1367 448
1381 489
926 1960
1406 1727
1965 630
1216 1090
1417 1549
368 1614
1468 893
1429 1501
1864 199
1793 1378
123 1474
1584 893
243 921
1932 1474
993 1142
456 1442
1796 1075
1446 1369
1581 1695
576 1503
1040 1151
1842 1474
92 1326
582 600
1612 821
1341 1469
1779 1796
211 617
895 265
1830 1061
41 364
1 1145
672 347
212 1182
1036 842
1033 1531
754 1680
1337 1104
1067 406
628 40
272 1794
1174 1245
322 1578
1767 1973
1161 9
1091 1518
339 1540
854 969
182 1290
1888 1488
966 248
948 1468
758 1591
1045 1098
1399 460
1731 1061
1560 767
1890 629
93 40
1697 1956
1768 14
82 1885
1833 1732
477 2006
1807 657
1319 1011
1888 755
1382 1337
332 967
1481 444
894 852
870 893
1132 767
1439 206
1011 186
1398 1288
985 1348
1468 1019
1254 937
626 693
911 1230
1141 135
660 1367
582 943
36 487
329 890
1388 1474
1626 588
990 971
254 900
1017 20
1927 1122
1506 574
1600 1103
1243 1023
758 40
1381 308
161 343
1133 90
1146 1028
1790 88
875 1012
672 1176
1 69
1429 790
339 1104
424 630
691 1217
1903 428
357 1469
1851 618
1767 3
1902 1985
1534 1985
237 893
1563 1479
1576 720
1905 42
1429 722
708 778
1552 739
1809 993
1556 1474
617 343
1879 1241
323 117
1309 1987
816 1846
1669 1713
1444 189
1404 542
1319 1278
1 810
1268 1839
1549 2005
1332 733
966 1631
1366 48
1911 389
159 116
355 1676
370 1911
330 935
837 1092
260 1770
1 750
619 1510
1620 405
1998 1405
1656 1205
419 719
1734 779
1302 1148
231 1742
194 1092
572 722
14 1532
1168 858
1432 841
1787 1104
1019 535
202 1008
1446 1474
1743 1190
1936 1108
597 1549
1398 1909
576 1474
1004 1122
667 1777
1973 542
395 593
408 789
668 797
1001 1023
1065 1432
123 1190
1 651
576 1292
1 1853
1768 1823
1355 30
1365 320
1 1033
395 754
1556 1353
853 1729
1729 476
1921 1341
1123 1252
99 204
1684 1470
1522 1316
1785 893
135 38
448 733
1330 819
326 237
1429 1181
1558 893
546 888
344 268
1435 1284
372 1050
1600 527
1155 407
1177 1905
952 19
1446 895
570 1718
1 46
1429 446
582 228
612 1801
585 1796
1012 407
721 1939
1128 1082
97 1320
1 1530
502 1203
406 1556
1903 1275
920 1501
15 1808
212 1096
963 395
979 1045
926 19
1578 445
460 1469
1768 1571
1534 211
766 416
1898 397
369 277
1580 1554
1774 1674
1795 540
805 1011
1560 48
1191 1783
1960 404
631 643
1047 756
1343 200
28 1318
1752 1474
749 779
1896 965
1729 1474
237 353
1724 1247
56 252
1443 1474
621 1652
79 1122
703 513
1 1216
1155 1264
1189 1430
1337 1468
1320 344
1408 847
1439 69
406 893
1638 1111
467 67
1690 1813
1000 378
518 1651
1500 1674
247 893
1429 1108
947 280
993 64
610 1320
874 1073
207 1325
1585 1931
980 748
1571 461
758 1973
1536 940
487 1038
1401 1050
349 893
842 709
1429 1741
1403 1460
359 570
969 852
738 914
1098 112
426 1525
620 893
284 535
499 1645
1381 1604
1973 1404
1318 63
1768 1380
1214 526
185 970
420 675
389 1748
1889 42
1429 1377
74 27
1707 1408
1 1650
844 1365
988 1496
362 1303
2004 1985
237 40
1053 1501
1754 509
615 1983
1403 1044
1260 1332
905 1821
1584 762
1381 228
1469 937
937 474
1401 1674
327 1539
1335 568
373 579
1803 1564
1011 1416
1902 748
1092 1917
1429 919
310 1559
359 1098
1401 1259
1735 55
1388 342
1443 939
110 1298
1769 628
1676 495
1177 1815
1092 1292
1560 1651
48 17
1716 907
625 1292
134 1505
73 1670
158 1256
1631 1183
161 1474
1163 1596
1350 324
1769 1404
30 1241
1791 1862
669 657
1167 707
880 1347
1177 895
1337 1332
211 893
1340 883
1875 1143
1404 267
1080 1377
1586 1709
1292 659
1777 1657
14 1878
160 875
595 1098
503 1045
762 1238
1927 19
748 617
364 1892
754 893
545 893
459 291
853 1061
846 1561
661 405
1429 1634
1555 446
1947 1836
880 1486
335 1191
1895 912
341 780
1560 693
1251 748
1754 1802
636 1057
822 1153
1302 875
825 1757
676 1116
71 984
859 1673
880 1314
439 1518
1341 231
1256 1526
531 698
1802 94
1345 1391
748 1902
65 1583
1289 1784
29 1479
1877 1332
1028 1985
718 1114
754 1718
1898 719
1436 12
1292 1474
1155 785
1309 940
282 290
1729 1090
436 833
466 1426
1658 1003
1478 423
1496 1135
503 1474
1882 930
1335 1980
1001 1136
1046 524
48 1
109 1332
122 1332
1533 754
1390 852
854 659
1929 1910
1104 659
1560 1547
754 574
1743 1549
590 1489
469 1567
918 1783
294 1597
951 1543
545 1474
847 40
1894 1646
789 1371
1429 477
1452 209
1047 141
741 384
1774 1933
1345 1985
1177 1673
1834 1263
123 2003
724 1712
939 306
51 657
710 651
634 835
1343 893
1777 1296
1994 1106
1877 1793
369 863
1001 1215
1851 603
1036 1190
1365 73
691 1438
1221 263
248 1887
427 1159
1687 829
1229 658
1711 850
1559 1209
362 1974
672 1709
1734 1872
1426 613
1965 1525
1729 1561
1600 1852
1644 1561
1480 1884
762 17
595 173
1626 40
1466 1023
847 979
920 1986
812 464
1538 604
1474 1763
1397 1331
770 143
1833 134
1806 1013
16 1474
229 8
1956 1326
365 1474
211 960
1104 1283
483 450
590 42
1966 1312
1581 1549
1906 1412
9 1572
1791 1595
882 1980
858 1470
113 1955
1914 764
778 1015
276 27
640 1826
247 1397
1444 1474
895 701
384 2001
780 596
1266 339
570 1474
1767 440
1392 1937
1968 1474
973 1543
1219 1117
1 1725
1719 451
1446 1156
1152 1794
91 708
439 802
557 893
122 923
1416 1745
762 1282
1 1688
1714 555
591 1841
1223 764
1875 528
1766 276
710 516
1099 737
400 68
1177 1618
690 1260
847 808
214 40
1899 1986
748 1340
971 990
624 1098
840 711
655 278
988 909
1529 893
1105 1162
640 809
991 599
1987 793
122 405
1260 57
1634 47
1426 1764
749 1673
81 1518
1477 1341
1932 1440
1936 1951
213 1596
1734 394
883 1340
1396 1521
1518 733
1638 1497
1651 1371
1319 1477
676 1554
1381 1755
1355 46
551 1906
1435 1241
1236 1391
1335 702
1965 40
395 1571
586 1419
248 693
620 1978
1355 1435
1729 1902
1 107
1055 896
599 440
1360 961
1660 343
161 709
379 245
1749 1815
1833 1474
1579 1857
1273 1284
870 825
545 1426
1062 591
1866 1909
1898 990
72 1474
1238 1332
1408 1122
160 1962
332 1617
1429 1611
73 1408
808 486
290 282
1047 1850
975 1061
805 936
359 979
390 325
1052 750
567 885
837 630
1533 1203
1155 875
197 843
1236 614
615 75
882 1191
110 1236
1429 257
97 1903
1965 1581
1844 1668
1343 186
731 1423
1377 949
708 605
272 1223
1359 1628
1620 1890
1879 1435
1177 1474
1033 1002
133 1946
147 1083
1 1841
439 1556
1718 790
549 1902
1383 475
1193 262
949 623
558 1495
294 1878
406 2005
1412 697
1212 1727
774 839
1909 1493
1474 1131
1477 316
1657 718
189 234
952 1292
1091 811
1707 1800
349 1651
122 762
363 1997
1061 204
1714 1076
1584 405
444 1566
1301 1205
580 653
168 893
1429 805
1654 1474
478 1996
56 463
1210 385
1138 555
985 703
1092 1190
1807 1050
140 909
1236 328
508 1327
1429 1379
162 1032
898 987
1477 1131
847 1691
73 847
1515 1474
1381 322
1995 1902
56 1567
310 1292
1241 1871
1381 1420
532 1618
1471 1446
1936 893
754 22
1026 1474
1429 863
1 95
1239 1780
1359 374
1381 916
713 416
165 1173
1830 743
926 1431
1614 368
1058 222
1888 759
1684 1726
1180 126
785 714
1965 1098
1260 1095
847 578
973 1038
659 410
1 838
1944 922
1965 893
1942 1797
1534 893
273 1383
377 1289
1791 1334
331 706
911 1431
847 1912
792 351
620 1398
682 92
1381 1193
1477 335
107 742
79 1029
1429 1450
544 42
1910 1929
419 1478
1403 780
1382 1734
593 277
676 1866
1439 1939
1320 1538
1515 1676
1335 1872
111 1325
94 328
682 1446
1628 478
1038 1550
987 1633
247 1617
844 1079
1878 21
1518 1474
749 1343
1429 364
1856 696
1903 822
1944 1522
1693 1244
211 1030
335 1332
749 1932
1260 343
1607 1744
341 586
1982 596
22 578
1527 363
893 1474
1012 368
1 1903
49 311
1 364
1968 461
1952 1236
956 664
1 536
688 1508
808 1882
666 30
817 533
1580 730
758 19
789 186
690 1342
898 714
273 41
1919 1285
582 651
1053 733
1417 971
690 944
1443 893
819 1408
419 26
212 226
162 1857
716 1549
404 1699
1072 736
670 259
194 1922
211 1474
1953 1512
526 1214
805 1628
1469 602
1236 1131
844 1835
1868 504
329 232
341 875
1525 1617
1352 1102
1399 103
468 1838
1644 1474
456 1648
349 619
870 1232
794 472
1816 496
80 1344
195 752
1716 1611
132 1041
369 228
1381 961
619 1474
492 233
210 863
1661 938
1922 1660
1766 1209
110 1474
1 144
1381 125
1361 1235
1352 82
593 1520
640 1313
618 1445
1443 50
1714 837
595 375
456 1829
1114 718
1173 1385
553 1751
767 1561
1423 1074
414 180
477 1054
1429 573
1972 208
568 484
1529 1549
1251 893
1719 320
1251 939
593 958
1515 439
1372 5
1152 908
1319 805
1713 460
1429 616
973 716
401 1314
1560 423
56 755
1310 276
248 92
1092 232
926 250
920 1056
78 1336
1429 320
1693 1593
283 92
966 1190
1260 2005
155 1370
82 740
864 536
1943 1490
909 1405
1408 268
964 371
273 270
1591 588
1499 1972
652 972
248 1895
682 1549
828 132
1381 7
1470 858
199 1008
1960 617
387 633
343 1
913 1392
837 1435
34 1979
991 440
1 862
732 1084
1580 1244
807 1400
1908 606
1738 1157
266 813
518 1438
1359 1542
1360 709
732 893
1529 766
1734 630
1835 1550
1600 1098
494 1022
672 1528
326 893
211 748
10 702
1565 233
988 40
966 750
1258 1340
675 420
1719 282
80 1687
1349 1351
1 913
287 1789
594 629
1775 1199
1116 1660
1690 898
175 1174
1752 1334
820 1454
608 1267
610 1097
1319 765
686 1293
357 1904
1390 893
1343 986
1281 1037
1159 1335
583 859
1626 1141
1902 1474
1685 98
808 287
668 343
556 1474
1417 211
1716 1366
666 668
212 1049
620 1876
1429 264
1181 233
1152 1139
1889 630
1 895
26 1474
49 710
1429 895
1142 112
426 1549
442 548
1781 775
1 1281
1355 1190
1534 440
606 100
1226 1029
819 1533
369 174
615 431
321 1474
394 1104
395 1836
800 974
1638 1270
1888 417
1749 1561
456 1506
1423 39
1899 1200
1446 593
545 1908
389 489
900 1012
1292 1926
359 634
1473 725
1965 438
1343 509
1600 893
969 573
1987 904
836 510
1356 644
818 1742
854 271
72 1098
1516 1433
254 566
746 444
1138 296
456 626
951 19
1713 1238
195 1589
1309 1183
698 1964
1 1030
1999 868
855 40
110 657
1854 1435
1713 560
595 754
977 1116
1735 108
649 686
1501 994
1707 1269
880 1682
38 1263
1590 893
593 847
682 1004
682 1045
230 893
573 410
79 893
237 1718
116 1521
1525 277
1026 1985
1 722
1734 1382
936 581
827 1561
211 955
1906 740
763 61
559 157
1511 927
273 303
726 412
1414 250
1429 954
144 1835
97 1429
1478 814
436 875
596 1951
593 2005
1307 75
10 880
439 1733
1987 227
487 1395
1191 1993
1833 1518
1394 673
1936 1408
1271 313
1791 1474
1879 518
50 1431
1060 1408
837 115
1690 1012
1537 1258
1407 465
36 1969
1628 1980
1107 1720
789 1653
1587 1700
613 1974
492 782
219 904
1271 681
40 1718
1947 310
977 617
1388 1873
1875 402
1028 498
660 893
1404 281
1094 1923
1439 656
1573 1108
758 935
753 1983
1390 1877
1580 1770
1766 1474
1791 1491
1995 1561
332 807
359 1958
1664 675
1479 1952
1676 461
545 1337
1311 504
754 40
952 48
518 1033
42 893
1341 1574
1192 1337
1137 1801
805 1421
686 1637
175 893
1894 879
1515 1181
1809 629
1084 853
1359 1734
1177 590
369 1122
1 947
372 724
1767 1718
1810 1207
1011 1980
788 457
1889 945
379 1937
357 1791
230 1159
495 355
1279 502
544 396
545 1343
1993 918
1828 1718
160 986
1499 277
660 665
1570 365
590 1260
1623 1758
692 56
1752 506
1707 859
638 1585
347 1225
738 1125
1381 115
314 149
588 1045
1081 1207
1502 1396
1837 624
966 893
1531 1033
285 563
424 893
1381 547
1 1664
1358 169
573 939
1381 319
1986 991
72 1114
1995 893
844 1060
1474 957
1192 1367
1713 1721
1719 1541
1015 779
283 225
40 317
1335 719
1833 1673
1707 1660
28 1983
754 1077
624 40
1436 893
10 1314
1714 1613
194 1474
109 1359
576 1241
880 1161
963 247
827 27
1871 1635
517 1831
1879 1868
592 1990
35 390
246 39
779 1332
344 206
1355 746
1091 1929
1612 155
53 734
462 373
1355 1474
1716 1908
439 554
1555 1606
1044 407
341 1012
763 1028
1381 3
1401 175
844 1973
570 1045
1150 1487
1890 1561
1712 724
808 166
341 613
175 1394
973 1451
1772 596
1337 47
1956 144
394 1932
1973 893
122 642
1767 847
1685 1220
366 156
212 1245
1903 63
1654 1926
1894 485
862 1852
1664 1438
624 979
1366 699
451 1142
396 1878
977 893
15 310
384 1565
1919 1526
1809 129
1446 398
1403 436
1252 1123
1335 1415
1499 1882
1439 723
1260 1474
1894 872
247 1103
1894 299
1831 1230
1809 103
1478 1190
468 824
1946 35
1767 1408
1788 1474
1947 657
1903 1261
749 1549
1080 1651
1631 1042
712 1103
1844 1151
1888 942
158 1118
1718 893
1137 1408
1792 1725
1856 549
40 1474
1036 1478
303 804
1324 196
1429 713
61 1855
1529 939
988 1446
582 29
576 1561
576 1364
490 1718
533 919
1791 1732
1439 591
1133 1474
640 890
102 931
1856 1636
563 77
330 580
414 991
1769 1362
335 391
1269 1098
615 756
1897 191
1638 1388
749 119
1381 1818
1159 630
362 613
640 1276
1241 834
651 345
1 477
1165 1843
88 269
1714 1854
1382 1218
1436 802
491 1723
1795 1474
321 593
1847 634
203 271
1802 1631
100 120
1074 111
1429 1608
167 118
726 434
159 1796
1014 1451
625 1609
1260 1447
1249 1388
754 859
1956 1919
1679 1280
1106 842
395 1561
1669 1474
893 1653
1549 1197
1060 1150
22 1088
1404 1973
1436 1474
1659 803
1905 1561
1104 261
682 1122
1938 517
1362 1474
476 617
981 1217
1381 140
1633 601
1079 1421
1857 1918
2004 1485
799 1110
1 1179
882 726
652 1544
810 100
993 1038
1011 805
837 30
1984 1721
1631 248
476 1116
1 667
711 481
519 642
672 893
801 541
1429 1648
1306 1827
617 1745
568 965
748 120
811 1556
1 264
1772 1240
714 578
48 1999
1608 1135
26 1263
1644 1196
580 893
34 252
1098 1045
1320 1373
518 94
1649 1836
1232 1489
1335 871
754 332
1771 571
1366 394
1092 893
346 237
580 1549
1388 185
987 681
1249 1988
1137 40
1534 1995
630 343
1122 1474
690 1474
1468 1503
1914 289
1936 1446
155 1561
1474 196
723 1140
326 859
855 860
1060 1718
749 893
1075 902
1995 1094
1125 785
1 113
549 1401
1 1429
916 1163
439 48
534 931
140 968
456 1561
213 893
406 1628
757 1251
1767 906
1611 539
33 955
1165 973
1429 810
1302 1125
1132 1046
1766 443
1125 1012
365 441
52 280
1335 809
588 1408
1146 617
1600 1408
1995 1123
1926 1938
987 141
1743 518
751 19
617 1431
768 1606
200 602
738 14
1247 116
1359 2005
1580 1768
1512 1953
1778 376
1898 221
1826 396
241 945
1799 1210
189 476
47 1634
859 19
593 168
80 629
895 567
1529 1486
1133 1332
1474 717
1 1208
1772 1012
979 1474
1202 109
1 172
155 1691
1 1029
1547 1203
580 348
837 1714
1450 1916
1091 1462
1791 544
780 1147
789 756
162 118
34 407
1301 1629
299 1474
1477 1686
601 425
1159 1022
1133 316
854 955
1404 1441
387 91
339 440
597 513
576 769
910 893
1 547
335 1547
1593 922
1474 1189
917 1504
950 1532
1320 956
440 829
1246 959
1047 695
1987 1840
1995 391
1335 1613
1031 533
543 1297
1688 226
1 248
476 1100
178 28
844 1045
1429 547
911 289
602 1763
1477 1474
1429 1099
1590 1518
1767 1404
1534 1902
456 633
1839 1958
133 1397
1720 1694
1288 115
617 1275
272 1946
1475 970
439 1577
42 231
570 593
847 1296
947 653
1122 1718
1719 1474
359 90
757 1388
1795 484
1212 1474
1778 903
1627 1474
1804 1327
1985 893
1922 893
110 1718
1768 1124
147 1474
1 1115
1058 1151
1047 72
1302 1012
666 121
1 1685
1529 1282
123 1092
1975 1977
1887 129
1489 1232
1534 1742
1949 497
786 108
1947 820
844 588
1621 605
1927 630
445 878
1930 421
847 318
1749 1728
1332 1312
28 178
1905 893
1864 1784
870 1248
983 155
1613 429
159 1985
1290 1160
438 1213
28 1200
1241 555
1515 155
1429 761
808 1305
1560 779
1321 325
1757 454
321 1936
102 1354
22 1561
1903 1592
1707 40
1091 1232
1 777
451 838
1429 750
1053 590
1556 835
1345 1869
15 1474
1714 1651
248 1311
778 394
1540 133
806 1397
407 904
503 593
211 903
1 776
1638 619
432 1619
767 1386
966 751
885 824
1004 22
1894 1248
1004 19
1560 933
1669 1584
395 1408
919 1677
610 1602
429 1613
344 212
1497 164
1949 1184
1947 1631
822 505
626 92
1663 1961
1799 816
230 1284
982 1509
749 1332
1139 412
341 407
1791 747
749 1225
515 286
277 1917
91 1660
343 1672
752 748
568 1364
1492 1647
1767 654
1673 239
1906 1129
248 564
1131 60
310 316
377 24
43 1089
1669 630
1734 1474
1135 1496
1778 1230
569 3
344 1632
194 630
1450 1774
189 1386
1 228
364 987
448 1192
1133 292
1518 1370
917 1309
1335 1149
1243 701
1875 1260
1377 300
1627 476
72 1212
779 1474
1973 238
387 749
1309 191
534 679
1660 446
536 1957
893 78
1664 872
187 1624
1828 168
1429 1744
1218 1661
1638 824
1124 76
378 584
1604 1068
617 1698
842 257
406 1474
1277 1975
1716 1236
748 893
893 2005
1047 1122
432 1116
1478 1543
1488 1888
1646 1249
1335 75
1251 1032
1755 192
1381 209
988 1883
1922 30
1565 1344
1098 1561
1743 1631
1577 1717
1098 1298
870 1474
1724 1562
489 370
1529 1122
1057 1395
73 593
149 314
1851 1235
1610 1499
63 1318
692 1474
1321 317
22 979
988 904
1900 205
155 137
426 1626
431 1628
93 595
963 1004
1307 1474
738 1798
1142 1438
1558 1201
955 33
1079 1216
636 163
1903 851
1770 494
1 455
362 1682
242 324
1 1309
1868 1754
1734 2005
144 487
119 1781
1403 596
1148 196
640 596
1856 893
1 363
1889 1474
1724 24
1988 289
1955 113
1323 975
1429 1891
895 824
387 1337
1865 1475
1313 71
1264 372
1031 985
1598 1148
1937 1392
59 1043
1155 1012
916 1637
1436 1110
230 1729
762 1029
1429 363
1889 1651
811 557
1272 1520
671 684
586 1422
1492 924
154 1179
142 1130
1791 1887
319 323
1381 891
1028 1388
923 1683
1328 1135
518 382
1994 1555
1967 1749
298 683
362 1528
1591 1285
668 123
1541 1625
1193 1447
214 893
1460 586
302 1632
242 1024
1651 630
217 1376
545 921
989 1461
622 867
607 403
1438 1476
1429 641
2004 1883
1115 514
1474 630
1439 1309
178 484
1828 1591
1177 927
174 422
557 14
1646 724
844 1474
617 901
1805 704
1644 1473
1982 41
16 32
1373 768
628 1474
1403 1338
1560 236
214 1887
155 893
911 1028
1064 466
758 1718
1422 866
1125 808
823 1817
310 1246
1471 1326
1429 1542
1358 1474
56 841
1851 1474
199 11
1012 1758
778 1144
16 1341
977 1665
1833 1812
1814 1171
979 1098
406 719
1683 923
1646 1306
281 177
691 1116
1020 1030
1866 1667
1989 1231
900 407
1628 1614
510 1354
1560 1332
412 1139
525 353
1148 1598
2001 112
1103 1408
1675 1524
586 287
636 1550
868 1999
1690 488
1202 1343
419 893
1744 1607
855 588
852 894
1429 105
335 1421
722 1315
1766 1102
1758 1623
1875 200
1429 1335
1726 1339
1864 688
406 1260
997 1681
1022 260
932 1148
237 297
1390 587
945 241
123 966
666 892
1429 1105
617 19
211 19
615 726
1836 680
1067 1470
234 98
811 42
81 1561
1444 1902
1648 633
398 493
1414 646
544 1267
189 726
123 893
1672 23
1408 1474
1477 623
1177 42
900 553
1375 660
439 831
1147 907
1 151
395 1474
840 1092
1009 1494
1649 747
237 955
870 1691
842 1486
395 1004
991 1433
518 1292
426 1474
738 1302
126 1180
1638 1247
133 1549
248 360
1 1999
1130 1913
1903 412
255 1885
452 1151
1334 155
1057 1835
686 671
1927 1379
1489 1474
1456 262
575 1274
593 1474
606 1588
210 859
840 1984
1558 1915
1560 1531
820 1095
330 1525
1708 389
1104 197
343 1119
1962 997
1019 1473
183 1924
1863 593
846 779
710 37
1 610
29 976
1 1268
71 941
545 1090
587 4
439 92
1398 40
1789 287
1984 1926
1947 1029
1367 893
507 1651
738 372
1359 1474
1718 1122
1549 1840
1382 343
1319 1865
518 1903
1313 914
1381 1679
1333 1621
1719 1917
1793 733
383 1542
79 395
1404 40
367 1507
805 1614
375 1408
166 1258
1106 1109
291 1100
1510 546
1060 1840
1947 1538
1644 1332
40 1385
1964 295
1381 638
803 1659
628 1769
456 1525
1828 1079
395 893
707 635
1854 1285
1399 1337
1894 893
967 1747
570 40
954 1441
1916 1933
978 453
1439 1219
882 893
1230 1119
1631 1474
122 893
1388 313
1555 451
754 1484
627 30
72 40
1424 457
178 1923
842 1154
758 893
855 267
1729 893
844 1122
161 1249
689 1786
1828 1973
162 756
1408 1525
1905 590
1436 394
1355 266
604 1538
1343 1932
854 804
995 253
834 1840
466 599
1103 168
1968 1332
1930 848
73 719
1706 575
1875 118
1031 1332
424 1439
1986 617
2004 1549
1994 1474
882 1169
115 1288
49 201
1155 372
356 939
660 231
110 588
1335 936
1358 40
710 1234
1469 1198
1986 1096
21 1569
1064 1352
975 499
674 790
968 441
1714 343
1321 543
754 1603
738 714
329 1890
1310 969
1335 1614
603 700
1930 711
1795 1045
1399 1218
354 1234
963 297
1719 1190
406 1144
1509 982
1396 1342
1138 1092
1429 962
1011 1872
1529 1795
1922 952
583 1561
1217 1048
1060 1275
1719 842
1627 211
483 1491
1809 2005
1408 99
1961 1076
827 229
1146 1102
1889 1256
1446 747
40 558
1903 67
1271 10
1547 1169
48 2003
615 2006
1581 781
1987 1018
1047 766
1724 1964
42 1518
1477 1937
625 1435
1856 1629
810 120
979 893
1505 152
1408 893
1515 1455
907 1070
1713 1673
1429 1120
870 1481
76 1978
1833 457
1154 1759
1241 1474
1968 956
769 1115
1919 1517
1560 91
1903 348
1429 229
1260 1673
1978 76
1310 492
1377 740
341 596
1888 1503
369 1471
847 238
1 587
789 408
1903 6
1947 1292
1132 834
1960 1116
1689 552
1292 513
1494 1172
1103 420
1386 1050
1146 1983
211 1985
189 826
335 1259
1518 534
1968 557
1555 993
1654 1677
651 1093
96 188
329 1474
1774 776
889 471
523 1825
854 843
1446 1718
40 1114
1826 1878
73 24
758 193
1431 196
1 1900
1092 1435
1924 771
627 1773
1444 882
250 560
1635 1871
1301 1309
372 785
372 875
1698 43
1864 55
1644 335
600 742
29 1832
1984 1138
1764 613
1355 1596
554 1900
1381 849
194 659
126 1513
1109 1295
1 97
1471 150
1359 1337
1346 1479
672 1045
758 1161
320 1857
600 1903
247 754
1332 1673
1439 768
1121 714
1319 1238
1534 271
1429 664
775 830
1984 1435
1125 506
1768 1339
1309 1954
893 1512
108 786
1 53
1947 1048
764 245
680 1836
762 893
68 542
56 541
1560 893
1719 1967
1466 273
14 243
1374 1615
916 1046
1401 2004
1985 1085
1794 508
511 1303
880 793
547 338
586 1044
1662 498
1226 1190
428 1066
1898 478
789 652
547 1943
1774 1728
1971 1576
1365 588
1343 635
79 40
436 407
329 140
751 308
1768 1595
630 187
1749 1785
148 1063
46 1969
1077 127
1649 802
343 208
811 1297
1638 1664
184 1239
593 1634
1354 1270
1973 1474
1591 1122
1235 999
1466 504
357 648
1271 849
1307 1040
1898 893
1646 977
1092 1474
819 1600
407 1090
1787 1015
966 1922
734 7
544 1260
1226 15
1875 1595
1090 1216
900 809
1982 537
557 1556
690 2005
1084 2005
42 430
1747 967
1106 930
1856 211
418 729
381 352
406 1177
1638 617
71 720
1608 1601
1381 1657
1243 650
819 1529
1265 1220
1667 1178
937 297
439 108
1375 1561
1960 1744
1381 144
1008 1933
1057 163
1982 1302
375 893
1269 395
1 621
726 1431
123 952
399 476
1091 893
1560 19
466 1102
1381 1603
1734 971
372 78
1036 807
369 979
1366 1560
624 258
1984 1660
93 1795
842 1453
1809 1068
1260 155
991 805
611 1528
292 1406
1914 1946
1060 503
1335 1494
329 1651
676 991
1556 1628
1260 1168
1703 506
1649 270
1247 2005
545 1469
748 1672
1952 1097
809 1276
268 1457
476 795
226 1991
453 484
1075 1898
1972 1629
267 1351
687 815
879 1625
469 856
427 1194
1914 1167
1219 1391
1976 934
1126 2005
1196 893
1979 220
330 1255
817 661
1851 1190
1916 202
585 1186
1984 1190
917 468
916 807
1921 655
1366 802
140 694
1363 1904
273 1457
1914 1298
1 233
649 1178
1313 738
109 1306
895 1314
983 1232
465 1407
987 1442
882 1037
176 171
597 137
369 582
1497 466
1581 22
1984 769
29 1344
1740 287
1429 553
1875 1518
1934 1147
1260 417
1990 1430
1467 1339
1908 1161
1967 637
133 747
808 1461
895 468
1639 235
1 293
1 409
104 1578
1793 1561
814 118
160 714
26 702
1 674
610 1429
28 1577
1570 702
1071 146
640 1012
840 564
384 1474
580 330
1793 233
1303 511
1729 382
625 94
1271 954
1803 91
299 496
788 1589
1439 1952
1529 1617
452 1675
73 979
1981 274
1152 1804
1247 1474
1381 255
610 423
395 1795
1732 1215
837 1522
1567 261
1958 1517
1359 778
283 34
335 1793
749 1474
649 459
27 647
281 829
72 1408
1515 1660
16 1229
1525 1547
110 1689
19 86
731 1978
660 1561
1590 1232
1271 782
1915 1124
144 1038
1302 596
851 575
882 1902
1636 1447
1554 739
1200 1901
668 1435
1717 1941
1768 1978
872 1582
570 359
1540 1192
1028 1247
346 1718
1226 1292
395 1718
1782 783
545 1816
277 1525
819 893
1809 26
1898 276
788 1424
1247 343
431 1388
1903 908
625 1631
1809 893
1032 1474
1631 1865
189 980
780 714
1287 1176
626 996
1 1458
1417 420
1060 317
1137 468
1825 1472
134 1346
576 1138
1417 349
544 170
1710 1040
1177 1672
839 305
1973 267
472 385
454 1757
1149 374
966 212
391 861
1 1829
1767 1561
1429 967
1950 249
777 1696
1905 1612
1870 792
1381 536
1198 1963
1626 1045
1218 1305
1320 1037
708 767
501 1451
426 1682
1581 1561
660 111
203 1765
869 1183
1359 893
618 1263
1226 558
628 893
40 747
682 1525
1580 989
1032 175
12 500
1986 919
1446 1108
81 1549
1842 19
1725 1792
600 1808
200 1731
283 1012
237 1474
876 994
518 58
203 987
1291 602
726 893
1541 404
456 1471
332 1103
81 893
1352 1606
909 968
692 1190
1608 1299
1840 1566
22 277
1249 893
518 555
1715 1568
1016 1738
1489 483
1381 1839
1803 733
28 1
555 688
1 1683
1625 169
1275 1666
777 531
590 155
630 48
343 1660
750 1052
1067 1489
1909 585
564 190
1251 476
1772 1386
1886 1670
365 1220
1569 1878
1665 101
77 285
973 1262
1767 979
788 386
1260 1636
1 1959
1903 1013
1606 1731
1995 1116
1638 270
51 543
1398 1857
1070 270
1832 976
1102 893
10 714
1019 100
1854 1903
661 483
1697 2005
1159 59
1362 1408
1335 1011
15 1435
1600 1680
714 1614
82 1028
1098 1718
789 1012
340 831
94 1629
1210 477
590 1557
1366 1474
1719 1720
417 891
651 1448
272 1167
159 893
1534 1729
1103 1978
763 955
1381 1485
1904 1603
1404 593
1518 1691
836 1397
1863 173
1507 153
1212 40
1429 248
1398 1122
817 557
961 1387
1355 518
892 1207
1 47
1251 1388
349 90
212 610
1582 215
321 1795
1946 1161
1057 1291
1884 1021
1474 720
1319 597
1365 1079
965 1563
1903 1353
349 343
660 133
750 1798
1429 643
329 1116
1260 1469
73 1404
1155 1407
178 599
1241 457
545 205
516 1188
46 497
109 948
460 1169
406 1905
952 1820
283 822
1590 297
600 423
426 168
898 1302
258 1408
1646 1474
1075 36
1365 1408
1903 543
1734 956
1390 1561
210 1131
124 941
835 696
230 2004
1601 1005
166 463
1004 40
1797 755
808 953
1820 1633
1581 1474
593 701
463 883
372 416
451 1915
1377 1981
1981 1784
1560 1140
1830 530
335 724
1109 1994
1515 1260
940 1773
1716 1015
346 893
357 1660
831 340
1833 1695
1864 1080
792 1870
484 1681
693 1237
841 1065
545 1762
1111 929
406 260
555 302
665 1662
1409 1265
1302 1838
1398 856
1219 340
951 1724
983 185
1673 231
789 407
1767 1098
1 322
504 912
785 1773
353 525
1994 97
592 1128
1898 905
369 1103
1940 361
1328 353
660 228
433 708
1828 893
715 1660
463 1537
1398 620
248 1085
808 485
754 579
1381 1254
1877 200
1190 1549
1382 1332
571 1771
1903 362
1729 1858
1031 1061
808 914
1890 1606
268 78
50 1116
1700 1587
197 1483
160 1114
870 1143
568 1843
1713 953
1351 1349
436 1403
1995 1474
329 2003
1863 93
490 1408
1889 1723
741 526
1515 790
369 1408
365 1570
267 1512
593 1718
1417 1249
1799 857
691 1474
527 17
245 1223
1487 1150
844 1487
165 290
94 1474
1358 57
1724 1443
1210 534
999 1641
1474 1753
1345 1352
1328 596
1973 1098
1879 19
464 1907
369 1561
1889 246
1317 386
26 511
988 519
450 511
1914 1152
42 1474
1236 1219
129 1887
1152 238
1381 57
1 954
1561 1549
357 1260
1 165
237 69
1688 629
1165 617
1707 1287
1478 845
1733 1182
1612 1556
1305 243
1385 1173
448 1216
963 595
162 1995
1795 1600
1012 1623
1138 755
1795 852
79 1408
431 882
294 1078
725 1588
661 155
123 1735
1461 989
1 1741
1602 121
200 1549
648 1332
1906 397
505 1153
1191 1231
1313 1348
19 239
963 1317
395 440
1032 1251
438 1753
1556 1918
538 313
484 1883
50 951
304 1753
1 1952
1477 1918
1791 1489
1844 1058
1901 893
1608 1938
1429 103
1963 1198
1400 807
1092 1549
230 1317
1 1501
1742 818
1713 1561
1079 1561
1116 1604
779 686
661 44
1766 893
1271 1240
1312 1845
1313 1164
155 495
1556 1260
1004 847
1399 893
1212 1915
474 297
1854 1240
155 662
916 1813
1435 1292
988 1098
321 395
570 1408
202 1933
1590 557
1063 1187
836 2006
327 1849
1249 1234
785 596
79 736
1468 1673
1847 1240
1922 627
212 1030
527 501
1769 1655
767 849
332 747
1330 2005
1152 266
110 1189
1103 22
1529 1236
681 562
1355 1320
1903 1078
1952 582
1109 930
436 586
329 556
226 1688
1137 326
597 1474
538 1632
1345 512
158 99
1 1720
1172 540
844 1852
610 771
395 1098
321 1329
817 1474
1783 798
1332 1474
46 1413
672 1621
1426 1722
1015 1062
507 1285
1566 1481
889 1675
72 893
868 974
1879 1703
994 876
1436 630
844 139
1947 1435
440 1687
475 1039
1190 733
1619 195
806 510
28 2003
1250 12
1819 793
207 51
1716 1104
315 1457
708 1332
1075 1249
1716 733
508 1794
1710 222
1408 40
409 1920
1462 255
1756 398
1802 1880
733 1474
1590 81
310 1561
882 1503
682 1878
704 1298
1126 1104
118 167
649 916
1 705
692 340
168 593
1919 544
1581 593
1355 69
1842 617
1251 1676
1734 948
2004 748
1429 1746
247 963
1805 1986
1401 1856
856 598
783 382
1627 113
1335 1406
862 296
1842 599
110 1408
897 724
350 437
1004 578
426 267
408 922
620 1903
576 1340
1943 324
335 665
765 376
1570 1993
847 524
1335 1421
1 664
453 1896
349 912
723 652
1415 1372
738 1458
1494 1123
1149 196
942 1410
627 99
1251 211
788 398
1171 566
1786 787
627 194
596 693
966 1092
1646 1561
1 84
620 1408
1192 1474
1175 797
490 847
811 1910
1768 1676
2003 1818
1251 773
1244 506
1468 573
476 1474
1335 839
436 546
636 1812
448 1731
357 1489
1286 679
1381 1551
811 1091
1939 1411
758 1060
1877 1474
785 875
1713 1474
231 733
931 102
1734 767
1337 1182
1724 617
1854 1607
1108 1573
844 1408
1754 630
1740 1380
161 810
150 1420
1560 1343
1026 1431
906 498
1889 1561
160 1012
1335 305
40 1154
556 1549
1796 1692
1095 611
1627 1050
438 1909
1563 1896
985 1046
626 1963
1895 2000
744 538
749 756
1899 1561
1092 555
1900 136
432 211
703 239
1875 893
1959 1679
225 1553
211 201
1331 106
1558 1332
875 77
1057 1038
741 1272
40 1617
619 1561
1737 502
963 1971
913 638
1781 119
1553 225
948 1332
1800 405
369 1651
1946 1804
1142 1195
427 161
1787 893
387 1474
1537 463
1729 1085
682 1581
651 528
172 138
512 839
1218 1015
332 1446
952 1651
875 3
1429 1758
1381 1134
395 277
1155 738
1719 918
1152 130
1960 1474
1716 1133
1580 469
752 175
1104 402
1898 143
847 962
1 527
175 1985
80 1471
338 1490
1893 1886
660 1332
847 1744
1343 634
1009 1855
882 1852
153 1601
1053 1968
1310 1536
1793 1877
94 1495
1403 1351
600 1760
898 875
486 243
1765 346
882 288
640 311
56 236
1079 40
1429 1685
1793 565
1435 117
647 74
1307 1872
1251 1686
1404 1296
1176 1546
597 1793
985 1164
431 1985
110 1404
1226 1056
1903 1191
1856 1447
810 437
590 1
1622 413
741 1882
1597 865
468 567
1530 449
320 1040
817 1260
1155 1872
1458 1282
93 1279
1581 1384
1707 332
1540 1474
1045 649
443 124
1791 1232
1684 1332
787 1261
666 1549
678 1575
1581 682
40 1549
1851 1561
1092 1287
1619 317
1310 424
283 875
762 1347
1908 387
1355 1292
375 1122
1381 1144
1785 451
1 1790
535 120
980 189
1012 1325
778 1038
1 1083
421 1957
1381 267
853 69
1354 510
1854 1092
1549 621
110 1759
1773 1536
1921 1423
1177 1732
576 1435
475 83
1613 1867
1061 882
281 440
880 923
1362 1973
714 407
1401 1869
1429 552
1247 466
1851 1907
751 153
788 311
178 466
1394 295
1 206
233 1025
1787 519
1540 317
1930 1332
49 490
307 1988
1866 716
1844 331
372 287
931 1397
668 1292
595 1103
973 1463
1889 893
1803 779
258 1973
359 296
1079 859
36 1647
1190 893
1330 1574
1320 1903
1847 1883
1719 2005
424 1660
1076 1663
1875 1889
900 1093
1 609
1987 86
1582 670
56 1258
817 544
1713 658
1377 24
1401 541
1984 30
189 981
1210 358
133 1337
692 1573
570 1973
372 596
1499 1098
1 1604
1552 1554
758 1617
758 1365
1152 1191
1301 444
1037 1281
437 350
48 3
597 1869
1106 893
980 1189
590 1474
1515 1301
520 861
178 911
1091 1586
1714 630
1095 85
948 889
1528 611
28 311
1927 1718
1714 1788
1888 1110
686 1557
257 1861
159 1444
1218 948
1457 315
1049 663
1429 482
1612 1561
56 1961
1251 1951
1292 537
1138 1788
369 40
218 1739
1735 1074
1711 411
1245 84
590 1364
2004 230
73 1718
1032 1360
1064 262
1319 893
1540 1375
989 1214
948 48
1132 1908
875 1370
1799 1678
1379 297
839 774
424 380
1570 1040
917 294
161 211
1429 1410
762 1332
1109 2005
1298 646
988 893
439 343
1493 334
334 1493
1200 1431
561 761
230 1648
1001 1598
248 626
582 527
372 821
754 1474
1317 398
253 491
335 1673
1192 380
1103 332
1919 327
503 1408
1464 1127
1827 1845
97 925
424 1651
1078 877
70 71
1321 145
40 972
817 775
1343 1332
1454 1692
895 65
1 923
767 1104
1474 1757
1555 2005
1628 936
827 224
891 417
1692 1454
456 1474
240 1830
424 1760
1833 827
672 583
1921 1332
325 1056
1082 1128
1341 1239
661 187
1451 501
1177 200
600 344
359 893
590 1578
433 623
757 1729
162 1431
1488 538
773 392
73 1212
736 1072
1785 1142
1776 1523
1056 325
790 984
1868 587
1965 593
452 1036
42 440
545 1145
1335 134
1664 1086
1335 187
819 332
898 1690
1856 1474
625 1228
42 164
178 112
1496 1736
1986 1431
549 1388
213 1249
1335 887
1429 285
855 73
28 623
808 279
623 949
1399 711
1478 208
97 1096
321 754
1972 1183
1828 317
1321 1988
503 1338
586 1012
780 953
1859 1832
1328 714
1863 893
1036 1561
690 483
884 981
1707 893
1818 1368
321 1707
1078 1294
1199 1775
212 151
1322 104
1912 1336
377 1705
1035 183
407 1170
194 1687
1168 814
1889 171
1866 617
135 1263
1727 292
646 704
15 167
56 1465
40 131
269 380
2004 1703
626 360
1 854
898 596
1905 1920
1599 301
128 943
369 904
1355 1241
1903 1988
846 1932
312 612
1146 1899
1478 498
1401 238
788 68
1660 1704
1469 1547
1645 1323
237 1408
518 783
1335 1416
1769 1145
1343 948
375 1795
768 1373
141 1712
371 964
50 1484
1468 1549
1570 619
1539 327
1439 604
1626 73
359 1767
640 536
1817 745
763 1549
1555 1730
811 1870
1264 714
1787 1337
1818 753
1047 593
1936 735
1903 1267
56 930
205 1900
692 659
1129 617
1620 1431
758 168
1828 1408
1571 495
72 593
22 1474
1125 238
1560 1658
1264 1012
1001 1467
837 1941
286 1402
436 1943
1292 59
853 417
1329 784
842 893
191 1897
582 1381
236 185
26 1135
640 1264
692 1194
767 1451
1718 1561
1080 715
16 1238
1285 795
427 838
310 1138
548 1378
1031 1575
582 1688
36 1071
788 64
1879 1914
600 14
451 171
1380 166
1152 1318
1785 1463
34 160
214 1408
1238 1341
524 1046
387 228
210 1299
211 143
216 351
1600 22
399 732
1335 1372
195 162
1494 1009
1060 1365
1160 848
1809 1537
456 1718
1684 1648
2003 526
518 1975
547 1350
979 1807
887 18
1429 1090
1548 569
1429 1829
123 1651
518 1190
278 1479
1343 2003
1376 1551
1439 480
859 897
1889 253
1785 1190
588 1973
1861 1185
1335 186
597 962
948 1438
1927 654
349 48
178 1348
898 686
1339 1726
590 557
1555 319
1515 42
247 863
1228 1682
1375 1170
834 874
1990 592
916 1976
1627 757
846 457
810 350
938 1661
344 1808
1734 1343
155 1660
113 509
42 1260
233 1586
1973 1168
1057 1027
1332 893
1474 43
166 1740
1443 1651
1102 1668
1381 947
1646 476
1768 454
1247 957
1791 1884
1822 1761
178 617
42 788
1271 714
1313 596
372 677
1854 809
1127 1464
1132 1343
133 660
1258 485
924 1779
267 1850
1954 1897
690 42
1341 1191
1518 155
1609 2
754 1408
1074 1325
1032 1220
1213 585
1381 1276
140 1145
2004 1257
1251 619
1375 133
344 1841
565 1695
212 1081
1515 48
1706 1343
1282 1458
511 422
36 1897
844 943
1264 1982
456 168
293 1816
1429 1381
1684 1238
1848 1034
966 1435
1226 1495
1713 316
1570 617
1545 639
1518 1324
258 147
1560 1104
705 1295
1834 881
822 1775
406 453
1840 1970
2 1609
1468 139
40 1561
1608 745
1260 893
188 96
310 1631
979 40
498 665
882 723
1443 239
82 1474
1560 2005
1654 893
503 446
56 695
362 1113
1919 1958
1903 2001
1772 1048
1165 164
1903 1486
1823 1111
1043 1640
926 877
1657 667
1560 343
44 777
576 893
882 1944
456 893
1684 343
523 961
397 1658
332 391
1903 1321
1615 1374
503 1208
1446 1573
1856 476
916 1342
1466 744
582 969
1302 407
710 1599
1529 1045
1429 832
1399 948
875 1448
1381 1539
73 1429
164 1262
73 1474
1050 1386
1192 1505
745 823
1875 733
1644 1877
590 1917
369 238
178 1549
588 979
56 1580
979 19
658 958
1531 845
762 1458
1875 914
157 559
1 1827
1746 1107
1793 1341
893 1223
618 1370
1177 746
1429 46
371 1727
202 1500
1760 101
277 665
1749 822
685 1510
837 1693
1381 132
1828 1811
466 893
1366 749
521 769
339 893
549 1729
926 893
1828 73
351 216
329 1526
733 587
977 725
410 659
1890 27
381 1877
1341 893
1591 1946
1168 1470
82 121
1855 61
1628 292
1685 1509
93 1446
811 1353
518 1474
235 1166
842 1474
122 1380
1297 543
1875 1760
1580 957
1768 914
1791 557
1183 869
582 1096
97 1219
1651 19
1041 244
73 893
422 1112
834 746
596 1151
1544 1440
1907 812
886 753
152 1505
861 391
249 1860
362 1661
690 1698
310 1604
1833 1260
650 1134
1922 1190
1649 1990
1445 1263
1772 1302
1 901
1935 251
91 630
339 1332
757 1902
1927 1047
1889 343
513 703
431 615
1 553
144 163
1319 1332
492 1310
660 509
1086 215
1706 1673
1149 1278
637 1682
666 1190
42 1491
1549 19
1842 1643
880 1950
1922 1259
1030 1721
712 79
636 655
1307 530
1081 645
882 1940
45 356
14 1693
388 1289
1212 587
651 710
1873 887
1408 1045
847 2005
1359 1202
767 889
288 418
1468 1474
1898 1474
299 1985
1716 1486
1335 699
963 40
1165 893
661 296
952 1190
690 893
1140 458
551 1102
550 17
824 885
682 40
1118 66
1743 1435
1190 343
1381 342
763 1986
1 523
1725 1479
66 995
715 1864
359 1561
1098 97
1889 788
211 317
79 1653
1330 313
1631 30
1142 842
1 812
1381 1492
1927 609
227 1425
1088 360
776 1450
860 728
983 685
1334 1232
1946 272
1719 692
1332 151
1555 1190
676 1064
1644 1086
1141 1122
1491 1549
1439 687
948 767
844 316
2004 1148
1947 1474
1696 44
1146 1541
827 983
1718 277
738 1164
404 1541
211 1249
1914 1225
1947 555
1381 1209
69 241
1473 1019
1053 955
50 1102
476 782
407 714
1064 1742
1165 763
767 501
1435 2005
1269 40
1560 1474
966 1858
1 1306
451 2001
384 905
1141 893
789 86
1 561
1159 19
1429 1664
387 1132
1795 1512
479 874
932 1149
1413 1949
1196 481
1515 893
1305 486
846 1560
1853 90
1785 1967
1435 212
1965 434
1355 2005
1212 605
395 932
1126 1651
590 630
369 1045
1994 1190
1791 893
1802 1879
178 1102
1772 223
175 1159
56 486
1560 1133
1491 1518
1371 1407
1898 568
582 987
840 1336
969 197
1600 1795
1138 30
210 1474
1092 1613
557 483
2004 1249
1321 772
754 1849
310 1190
1854 1325
1106 1608
1894 838
78 268
847 1474
144 278
640 1125
218 1672
427 552
1364 393
283 129
785 1125
1795 593
1159 1660
1519 519
615 23
700 603
1762 860
1381 868
1015 2005
1257 1822
230 1278
40 893
1846 816
1271 443
1013 402
1427 1221
886 1703
758 2003
283 1400
79 1474
1826 1703
192 1755
51 207
1558 433
1948 1571
1004 1660
40 1046
1121 344
964 407
1177 792
1134 1940
922 1944
1404 1119
254 1220
427 1032
1627 1902
1503 353
112 2001
194 30
19 1651
1365 350
261 1567
1092 30
910 1075
952 751
1023 2003
988 131
1381 710
360 1088
963 1600
586 875
582 1281
1453 467
586 353
1265 691
600 1602
1190 841
1429 652
1851 30
1508 688
848 182
593 1045
694 968
155 1474
1053 1867
819 40
1834 1610
882 1521
250 1605
1564 358
596 1012
780 875
50 1651
847 277
333 435
1219 688
951 1766
1314 401
1581 893
1446 1936
1483 843
811 1474
1 768
597 1341
357 1697
1805 1906
844 593
761 288
1737 180
1103 979
1 1193
329 1621
1 884
1833 893
48 863
979 251
1809 750
1321 1914
1209 1559
716 1200
1542 383
1828 1098
1381 481
1902 476
34 1115
1905 760
497 1184
67 1453
1533 1330
847 1741
1310 96
1345 1249
1899 1114
209 1452
570 633
1529 754
966 1292
1353 238
1210 933
649 1667
987 41
820 1764
1987 373
979 630
1106 1190
175 476
41 1424
1851 893
779 1104
170 1097
973 1352
1926 893
1362 1098
549 1353
1476 215
1590 1260
1 652
1842 1985
751 1092
1847 1676
1478 808
1956 1518
1348 313
1791 1518
1926 1241
1685 1691
691 1409
1767 40
1713 122
1190 1
988 1405
473 1416
1824 179
