962
1
2
3
5
7
8
9
11
13
16
18
19
20
23
24
28
30
32
33
35
36
38
3
4
6
8
10
11
12
14
17
19
20
21
22
23
24
25
29
31
33
34
36
37
38
39
1
3
6
7
9
10
13
14
15
17
20
22
24
26
27
28
32
33
34
35
36
37
38
40
41
1
2
4
7
8
9
10
11
12
14
15
16
18
20
21
23
25
27
28
29
31
33
35
36
37
39
40
41
42
1
2
3
5
8
10
13
15
16
17
19
21
23
24
26
28
29
30
32
33
34
36
37
38
39
41
42
1
2
3
4
6
9
11
12
14
16
17
18
20
22
24
25
27
29
30
34
35
37
38
40
42
43
2
3
4
5
7
10
11
13
15
17
18
19
21
22
25
26
28
30
33
34
35
36
38
39
40
41
43
1
2
3
4
5
6
8
9
11
12
14
16
18
19
23
26
27
29
31
35
36
37
38
39
41
42
43
2
3
4
5
6
7
9
10
11
12
13
15
17
19
20
22
23
24
27
28
30
31
32
34
36
37
39
40
42
44
2
4
6
7
8
10
11
12
14
15
16
17
19
20
21
25
27
28
32
33
34
39
41
42
43
44
45
46
2
3
5
7
8
9
11
13
15
16
17
18
21
22
23
26
28
29
31
34
35
38
39
40
42
43
44
46
1
2
6
7
9
10
14
15
17
19
21
22
23
24
25
27
30
31
33
35
37
38
40
42
43
44
45
48
49
1
2
3
4
8
10
11
13
16
17
19
20
21
22
23
25
26
27
29
32
34
35
37
38
39
42
43
45
46
47
48
49
50
2
3
4
5
9
11
12
14
17
18
20
21
24
26
27
28
30
31
33
35
36
39
44
45
46
48
50
51
2
3
4
5
6
10
11
12
13
15
18
19
20
21
22
23
25
27
28
29
32
33
36
37
38
39
40
43
44
46
47
49
50
51
52
4
5
6
7
9
11
12
13
14
16
19
21
22
24
26
28
29
30
34
37
40
41
44
45
47
48
49
51
52
6
7
8
9
10
11
12
13
14
15
17
20
22
23
25
27
29
30
31
33
34
35
38
39
40
41
42
45
46
47
48
50
52
8
10
12
13
14
15
16
18
21
22
23
24
26
28
30
32
35
36
38
41
42
44
45
46
47
48
49
50
51
11
12
13
14
15
16
17
19
20
23
24
25
27
29
31
34
36
37
39
40
42
43
46
48
49
51
52
53
13
14
15
16
17
18
20
21
22
23
24
25
26
28
30
31
32
33
35
37
39
41
43
45
47
49
50
52
53
13
15
17
18
19
21
23
25
27
28
29
30
32
33
34
36
38
39
42
44
45
47
49
51
52
53
55
56
16
18
19
20
23
24
26
28
29
30
31
34
35
37
40
43
45
46
48
49
50
52
54
56
57
20
21
25
26
28
30
31
35
36
37
38
41
42
46
49
50
51
52
53
55
56
57
58
59
20
21
22
24
27
28
30
31
32
35
37
38
39
41
43
44
46
47
48
50
52
53
54
55
57
59
60
22
23
25
28
29
31
32
33
34
36
38
42
43
45
47
48
51
54
55
56
57
58
60
61
23
24
26
29
30
32
33
35
37
38
39
40
45
46
48
49
52
53
54
55
56
58
59
61
62
24
25
27
30
31
33
34
36
39
41
43
44
46
47
49
53
55
56
57
59
60
61
62
26
28
32
33
34
35
37
38
39
40
42
44
48
49
50
53
54
56
57
58
60
62
63
29
31
34
35
36
40
41
45
47
50
51
54
55
57
58
59
61
63
64
32
35
36
37
41
42
46
48
51
52
55
56
58
59
60
62
64
65
34
36
38
39
40
42
43
47
48
50
52
53
56
57
58
59
61
62
64
65
37
38
39
41
44
45
48
50
51
53
58
59
60
61
62
63
65
39
40
41
44
45
48
49
52
54
55
58
60
61
63
64
65
41
42
44
45
46
47
49
50
51
55
56
60
61
62
64
65
43
46
48
51
52
53
54
56
57
62
63
65
44
45
47
50
52
53
55
57
58
61
63
64
46
47
48
49
51
54
56
57
58
59
62
63
64
65
48
49
50
53
55
56
57
59
60
63
65
49
50
52
54
57
59
61
62
65
51
52
55
56
58
59
62
63
54
56
59
60
61
63
64
53
55
57
60
62
63
64
65
58
59
61
62
63
65
61
63
64
65