1000 5000 999999993
782 98 160913490
970 345 343351713
260 351 115902662
863 367 945604507
463 479 268539253
588 555 688460510
271 382 597515215
918 66 40323291
500 910 661150387
128 460 841215899
684 189 430810907
211 751 303166721
660 48 433387005
589 349 818718217
827 265 566554836
829 111 938191772
954 892 117940962
570 83 86021283
118 215 674984512
196 219 428311933
901 13 895125099
897 857 42634965
143 810 117940962
498 785 301545397
935 942 847539997
739 102 946954576
177 997 291602768
371 22 995834010
886 603 85216805
542 205 846474037
494 665 963209817
549 923 96118201
544 964 840722764
289 168 676093101
165 572 402370236
89 390 573724657
961 591 900327275
691 158 330690099
688 542 850013808
937 573 207392382
54 377 303911624
33 873 267248970
966 829 879474915
619 463 946954576
133 576 810637123
950 704 105517154
488 761 560172459
15 947 566517343
667 712 309057973
752 82 199699174
666 870 303911624
361 213 29661627
369 243 892408419
633 653 943547765
667 277 152423280
650 164 716907086
614 371 492781601
520 844 891383600
887 974 536376770
555 619 541601393
435 115 592931036
84 39 846474037
462 568 41286988
759 903 892408419
486 738 279531963
437 162 977334776
124 911 231780230
732 746 542538672
507 659 449347691
110 33 775258144
902 664 101983097
557 96 963209817
551 113 208500874
407 916 322616638
406 629 217085671
826 119 28989729
964 718 676093101
599 363 37223703
426 988 397361062
342 201 174328624
94 826 117963705
251 980 592786632
852 315 341949344
306 521 152423280
63 799 954467877
204 754 496262162
490 260 285839927
601 668 171391033
821 724 346000939
575 753 823894670
946 401 111015991
360 132 480574212
909 206 509421098
175 646 293084489
458 744 91634666
168 518 631703668
602 489 751667300
995 169 310012581
150 886 621719134
947 182 40323291
833 714 322616638
832 561 981111319
642 852 15022257
578 808 309057973
607 971 186721988
310 98 373482547
537 777 22540284
805 470 640772434
270 409 736813442
478 502 268539253
636 814 109736444
447 738 815698799
667 848 157204322
620 616 362732672
399 832 186721988
189 993 778092010
351 472 430912012
870 428 727467495
449 532 226979129
106 354 819022970
950 112 740735867
139 938 364411882
442 323 299762176
351 18 566517343
628 267 9535127
270 418 594484262
282 486 860446392
175 763 363499434
583 786 766445732
467 816 109736444
948 518 943547765
324 437 597717029
239 550 712751073
558 42 541601393
293 608 510617596
656 522 672989590
395 699 633083297
898 296 578335025
405 717 836541157
864 163 961282986
750 263 115902662
726 97 510759674
406 921 943547765
220 707 521022295
144 450 523183416
108 898 977334776
126 384 53931879
252 350 104283050
634 770 550847621
694 48 510617596
154 209 171391033
13 153 85216805
900 431 301162383
427 521 46688903
889 451 799813747
533 303 432883184
117 250 541393054
829 939 346000939
464 733 430607396
730 842 436917367
161 858 751667300
579 280 943547765
608 749 13296109
305 711 634384468
140 35 43740162
80 870 663478305
578 224 777155958
333 753 813152071
912 881 421482394
573 410 842843432
662 888 543658940
292 131 47084749
634 680 774045246
173 549 117497587
192 809 542538672
658 87 29692265
287 58 330236615
415 675 137502882
19 486 634384468
252 346 842843432
796 795 646168225
682 824 573724657
217 637 617497260
420 193 559039472
25 798 693832407
729 22 346000939
962 297 267248970
924 186 458661746
528 879 362732672
604 425 90851198
716 233 186721988
798 605 550847621
87 134 503390450
886 316 994037196
140 286 775258144
803 687 103929102
173 545 994899082
920 71 467940878
980 364 663478305
513 324 642517380
375 72 561102033
956 536 47084749
669 864 103929102
758 964 740397924
303 947 449347691
116 326 640479235
187 277 330716421
801 204 850013808
667 882 818718217
445 533 935265414
817 446 828118332
763 578 189180737
721 442 828118332
738 96 763226566
380 976 521712273
896 718 623908731
267 587 274097521
980 703 868925090
717 911 574383432
998 464 578438229
646 689 322310150
717 465 330236615
359 991 617497260
863 239 756585634
45 645 362863043
844 753 676053062
262 503 231780230
574 320 950701399
954 419 560172459
18 328 715674146
190 719 488392941
258 183 492781601
352 671 47084749
532 791 82408336
832 301 41286988
967 139 397361062
253 851 510759674
597 432 676053062
477 111 140177331
548 806 86021283
470 253 371836480
436 174 825374614
736 919 195067539
857 279 834806506
859 641 727467495
220 742 934265483
357 932 111015991
758 473 43740162
566 812 189969775
464 862 171315806
698 283 432241195
606 159 687713561
670 180 85216805
757 959 352019717
674 72 642154147
65 55 904966515
75 102 157345764
976 189 526124570
382 933 293084489
85 578 617497260
161 270 273177430
802 514 895125099
526 823 37223703
347 804 589239233
415 269 189180737
655 567 147984293
525 1 775258144
24 901 242294806
631 451 315431382
78 145 371836480
390 176 62941805
148 27 29661627
576 465 902444915
611 446 291602768
755 984 194598233
578 50 485775707
928 700 687158703
490 602 884501637
270 302 362732672
488 651 294255355
866 673 666153191
543 289 526124570
264 471 784744134
104 568 521712273
455 233 740397924
57 647 784744134
543 806 828118332
835 335 784744134
309 409 39579197
55 973 702835568
213 197 420305847
648 415 102596246
928 245 722889932
553 423 998364510
359 693 923176812
498 293 722889932
811 330 646168225
388 731 998364510
693 62 887256485
342 477 621719134
972 883 758871538
787 700 819022970
260 186 160913490
573 181 301094132
442 274 860446392
723 696 819022970
195 483 848680100
179 175 510617596
559 517 895125099
26 144 393551693
466 83 895125099
645 779 62800249
266 870 227526680
670 577 679809649
143 161 428311933
298 38 15418957
742 555 421482394
211 478 422323953
311 55 960043632
891 944 493726627
443 361 715674146
270 506 724026407
576 930 994037196
95 849 493726627
156 203 428275192
708 341 597943012
188 640 29661627
368 537 289510375
194 308 942449342
792 259 842843432
261 685 545375210
430 60 128217948
647 330 738194381
883 332 891678487
523 536 578335025
691 14 727467495
191 617 163566952
734 440 582595154
964 340 231780230
37 340 402370236
111 416 964033631
91 783 311890981
845 407 117963705
442 720 560172459
465 979 724026407
623 728 528937652
931 431 15022257
893 442 247576353
255 637 105517154
655 628 910619553
228 32 954546485
204 149 252267288
281 770 309057973
977 490 86021283
637 458 672989590
973 440 954546485
385 456 715525683
726 693 15418957
967 776 820227956
338 823 406015033
863 806 152423280
704 41 343351713
29 156 964033631
47 254 597515215
77 314 738194381
868 726 573724657
281 8 860446392
830 170 676053062
493 569 90145939
327 29 301094132
962 238 428311933
170 441 199699174
852 287 15022257
850 963 666153191
755 317 646168225
662 172 923176812
301 356 391626533
128 412 29661627
745 526 976788772
571 551 947868354
898 897 592391451
487 106 420094255
92 389 43740162
456 229 23139407
525 661 421482394
850 474 467940878
718 113 592391451
36 31 29692265
523 780 252267288
91 35 462219907
913 926 88714529
313 334 472142937
329 736 793075640
592 941 543658940
173 705 731460674
671 1000 108422880
578 349 29661627
486 866 636368016
643 504 217085671
50 699 964254397
509 552 21200198
304 193 104283050
263 884 891383600
127 361 279531963
785 955 310012581
379 911 542560040
742 720 432883184
958 47 526124570
778 671 420094255
311 877 69795050
406 1 492217286
289 392 777155958
695 66 103929102
564 79 22540284
353 474 640599542
184 459 688460510
366 189 393551693
654 403 46688903
412 121 673153876
501 469 966986864
402 994 657231772
449 495 40323291
178 855 555827027
615 402 898213987
270 247 536376770
405 436 500186756
815 5 799813747
767 254 455065383
874 387 502304079
838 813 646168225
576 831 784014395
917 39 916475445
786 22 319512502
301 184 81448773
626 239 397395731
6 252 726160412
813 131 847539997
633 989 954470346
301 629 889680923
737 820 53931879
260 612 80063107
950 788 666153191
375 496 247576353
849 975 496262162
127 508 191094802
16 552 828118332
551 996 636368016
324 934 743326376
74 558 363499434
761 775 679809649
146 578 503390450
696 741 555827027
96 722 676093101
860 194 247576353
152 754 449347691
832 451 687158703
116 167 496262162
82 526 195926108
48 241 125256240
334 890 597717029
799 491 108281353
535 242 380108607
693 240 891678487
999 757 397395731
871 220 301094132
115 396 117497587
859 64 160913490
530 4 884501637
412 507 439644584
846 164 582644931
468 194 521022295
538 499 523183416
578 709 560741944
236 374 582644931
872 55 149342019
675 924 998805599
981 388 661150387
214 592 339879403
100 607 836541157
15 798 101983097
938 465 241330346
301 329 467940878
45 133 895125099
736 171 582595154
306 426 900327275
394 542 994153862
769 81 363646879
464 824 974658867
531 439 960043632
91 229 263155054
301 869 319512502
203 724 946954576
564 649 521022295
653 966 439644584
860 692 43740162
576 766 503847292
652 895 560741944
665 772 294674602
302 912 478693581
624 246 963209817
845 818 521712273
261 122 850013808
983 835 578438229
907 315 408288122
986 503 508233009
300 718 751667300
207 405 85216805
489 234 82118764
831 484 109736444
576 71 157345764
743 25 189969775
607 983 833674275
432 938 147645090
796 647 765574501
761 497 397395731
316 381 521022295
661 969 712751073
286 856 91634666
345 920 81448773
764 822 289510375
467 637 372438405
832 708 836541157
552 322 62800249
156 618 724026407
507 227 362101055
421 905 938191772
53 600 393551693
81 83 206378341
959 710 784240638
237 864 470805976
185 187 787469716
332 374 299762176
420 764 339879403
860 280 226979129
218 478 622883972
417 619 299762176
448 3 592391451
360 760 902444915
222 871 911812921
358 191 892408419
625 973 42634965
693 17 390660814
876 902 436917367
176 679 582595154
944 1000 26250792
965 675 41286988
246 708 950701399
176 426 976788772
387 319 756585634
978 649 182236320
435 132 6547742
47 225 477233083
31 636 566554836
653 876 53931879
847 79 421534340
980 331 152423280
369 913 911812921
974 981 493726627
249 976 421482394
922 843 462219907
235 126 521712273
136 37 726160412
63 259 421482394
563 486 208500874
166 841 322616638
581 54 620663317
66 268 1768843
400 984 550692586
998 608 555827027
804 639 679809649
59 629 621719134
272 175 390660814
594 757 958497914
869 457 964033631
148 216 578335025
682 230 752608038
834 508 950701399
855 95 964254397
241 275 846474037
718 53 287146811
687 256 784240638
503 702 542538672
798 929 550847621
915 460 912575404
270 952 330236615
593 565 911812921
126 644 274097521
638 161 436917367
461 150 69795050
262 554 208852591
67 854 82236894
837 226 724026407
785 49 492217286
263 437 41624509
236 290 218018252
519 447 268539253
627 949 91634666
784 473 257553381
610 759 954467877
877 441 938639848
560 239 422323953
524 270 46688903
372 444 108422880
526 291 362732672
861 475 42634965
233 406 716907086
940 324 813649288
362 527 21200198
163 326 210625929
521 806 102596246
992 108 592391451
104 226 716907086
985 376 301162383
130 833 85216805
199 656 291602768
331 406 640479235
815 400 493726627
912 112 157204322
825 470 756585634
295 530 160547891
551 9 838221363
690 415 589239233
253 214 981111319
852 740 61756531
646 795 784240638
790 944 373482547
95 228 149342019
191 811 149342019
135 229 140177331
438 858 751464191
816 170 631703668
919 122 9535127
285 920 380645432
622 262 96677376
516 315 289510375
454 612 186721988
747 872 676053062
903 786 380643751
452 814 637695392
439 597 726160412
777 750 959526737
348 240 302829889
611 103 837128583
925 113 73612989
116 578 966986864
641 147 640479235
208 665 733694179
342 942 731460674
980 657 195926108
422 744 2414531
443 913 998805599
430 978 301162383
343 158 29692265
492 120 521022295
197 793 510759674
887 69 487156540
985 964 994899082
472 995 508233009
25 74 813152071
742 514 558085584
706 491 891678487
388 467 108422880
221 819 752608038
541 726 137272186
656 48 741012109
714 380 140177331
888 420 813152071
112 672 272958291
387 155 640772434
387 891 633083297
481 520 887256485
945 436 793075640
87 54 274097521
101 159 631037479
596 799 679809649
994 895 884501637
895 457 364411882
875 909 208256704
585 570 640479235
125 824 178698135
994 478 950701399
660 552 13296109
414 763 330716421
165 611 943547765
910 402 974658867
794 180 933429412
226 980 904966515
952 433 837128583
632 990 900327275
447 403 218018252
86 191 198936573
638 81 555827027
270 153 642154147
701 125 994037196
381 933 421534340
785 933 198170743
648 23 954467877
676 910 345886980
94 712 661150387
1 33 224342153
592 559 373482547
921 609 178698135
581 806 174328624
773 661 81448773
232 681 942449342
301 332 322616638
99 152 733694179
887 357 793075640
523 214 833674275
170 11 646168225
756 704 69795050
775 715 208500874
288 120 274097521
931 369 560741944
846 970 39579197
11 387 787469716
458 788 582489604
648 129 293084489
91 485 257553381
278 29 287146811
56 478 301545397
17 643 889680923
206 863 777155958
102 244 676053062
444 77 672989590
325 806 847539997
555 20 566554836
64 183 69795050
933 332 117497587
289 198 847539997
566 105 889680923
272 959 395981609
935 12 428311933
178 393 257553381
580 211 378664057
147 107 322310150
990 663 884501637
431 928 399203649
906 164 26250792
391 813 218018252
400 771 774045246
344 51 868925090
972 375 559039472
966 890 189969775
473 958 149342019
414 729 108422880
319 48 615346840
411 490 151496032
574 218 315431382
70 110 493726627
178 835 828118332
779 491 117940962
556 611 186721988
914 247 846474037
967 951 954470346
119 797 726160412
299 382 496262162
18 294 485676568
31 252 395981609
949 568 478693581
667 440 151496032
754 414 794431875
393 885 393551693
497 553 508233009
854 850 756585634
986 573 346000939
279 443 787469716
566 835 597943012
330 768 623014232
814 509 472142937
182 556 223545399
620 121 886875656
604 386 285839927
397 231 818718217
748 816 961282986
335 697 738194381
235 647 886875656
58 529 555827027
946 860 299762176
250 582 941279877
421 740 352019717
137 94 488392941
168 598 935265414
562 162 301162383
473 339 330236615
87 853 942449342
827 403 294255355
994 922 41286988
434 665 724026407
747 482 163566952
158 897 886875656
725 717 966986864
398 263 751667300
933 978 663478305
621 9 674984512
443 325 109736444
968 346 82236894
938 530 435844948
43 161 508444134
580 200 981111319
109 298 578438229
613 49 813152071
861 798 160913490
728 886 636368016
162 904 480574212
12 120 623014232
311 908 895125099
719 433 100303462
887 582 147645090
114 634 198170743
749 960 663478305
586 914 325783577
693 880 820227956
800 157 39579197
840 730 740397924
578 762 149342019
639 352 815698799
233 437 958497914
279 92 104283050
344 800 617497260
880 878 23221448
138 234 22540284
875 408 218858084
294 276 482357474
474 184 743326376
539 64 279531963
480 5 946954576
404 914 198170743
400 135 693008138
985 565 945604507
838 74 87026271
765 935 294255355
562 954 787469716
396 336 766445732
835 76 372438405
186 139 105517154
316 51 673153876
973 28 810906811
604 362 42634965
918 321 693537266
423 844 147984293
865 268 414984639
261 547 521712273
426 194 194598233
202 808 171315806
528 631 330716421
21 114 40323291
526 863 364411882
287 407 414984639
399 298 766445732
373 736 378664057
370 321 673153876
256 549 493726627
546 716 1768843
257 66 943547765
878 982 582595154
99 567 433387005
730 326 478693581
159 597 998364510
629 413 263155054
987 270 687713561
478 515 963209817
462 73 810637123
106 590 658349062
7 887 316035052
410 898 781242517
355 865 414984639
44 371 478693581
93 630 104283050
97 429 485775707
886 212 137502882
841 390 923176812
789 219 566554836
844 151 137272186
678 802 85216805
236 894 868925090
713 374 994037196
819 536 813152071
975 116 825374614
921 828 666153191
149 2 195067539
469 652 642517380
670 18 980434243
177 182 226979129
255 774 778092010
535 22 860446392
906 534 157345764
554 223 151537209
977 737 934265483
591 346 636368016
110 123 693537266
26 630 994037196
62 570 418830119
582 283 208256704
773 396 305910858
79 118 96118201
506 208 891383600
68 281 39579197
677 965 371836480
943 233 449347691
602 857 40323291
383 415 994153862
761 238 62941805
871 210 160547891
255 52 274097521
90 424 6547742
619 18 478693581
696 509 644469788
688 420 414984639
310 841 541601393
980 10 189969775
826 209 763070694
521 30 715525683
640 349 272958291
984 795 521022295
644 927 981111319
138 511 658349062
39 40 718757716
499 102 963209817
144 460 658349062
219 820 433387005
781 372 892408419
424 428 884501637
301 372 868925090
885 34 402370236
799 833 774045246
121 220 380108607
3 522 70194629
195 511 943547765
476 241 319512502
584 58 91634666
500 141 363646879
807 808 847539997
664 96 895125099
354 917 436917367
659 727 140177331
811 569 702835568
414 183 195926108
344 635 813092104
138 256 151537209
766 595 622883972
648 232 104283050
985 504 492217286
704 601 339879403
663 809 774045246
305 256 702835568
848 39 301162383
318 314 109132736
675 27 959526737
529 378 642517380
936 489 713350389
870 921 743326376
703 953 810906811
8 447 977334776
457 865 582595154
736 505 763070694
453 998 574383432
78 808 542560040
25 284 657744707
899 743 421534340
302 540 147984293
683 84 291602768
204 957 303911624
67 88 311295235
964 478 592391451
244 207 207392382
262 273 617497260
307 666 589239233
173 365 178390713
455 449 195067539
142 106 503011218
465 282 177734475
542 183 109736444
947 742 756585634
31 753 418830119
510 811 954470346
61 828 630528481
987 471 918625044
911 665 776610196
425 161 718757716
221 77 693537266
778 836 35636917
312 557 378664057
138 916 432883184
736 46 508444134
86 363 412140555
986 512 542538672
29 693 510759674
898 839 125256240
590 160 485676568
799 867 40323291
391 248 572745286
145 732 478693581
179 130 666153191
337 830 555827027
686 439 637695392
397 109 432883184
192 998 994153862
44 735 257965665
614 767 977334776
603 162 999176553
865 854 999171383
830 986 999216329
410 765 999602597
699 829 999115513
250 326 998849749
448 9 999085405
935 650 999919522
271 888 712751073
294 321 999820181
528 801 999453827
238 838 999340043
383 821 999322215
220 675 999972934
837 66 910619553
391 499 999277386
863 923 999247357
819 576 999565554
932 204 500186756
430 937 999461745
502 985 999777679
742 717 998879091
536 365 999941609
804 925 999714863
294 744 999787782
820 542 999872483
501 630 999301546
890 809 999350374
593 700 70194629
68 79 640772434
992 984 998853673
605 916 841215899
715 518 137502882
426 961 840722764
595 591 999111173
938 363 999801198
362 921 60696623
585 523 784014395
705 164 998978931
966 976 998995373
793 834 999354337
431 499 999315662
801 797 998967023
361 576 390660814
808 959 999853495
159 299 999293840
117 481 999638502
945 1000 999322170
580 690 999103583
912 256 999065883
738 676 999061457
610 627 842992429
913 746 999622385
987 966 999345783
971 934 999667523
684 541 999933158
627 170 999833819
466 916 999872989
996 488 998886364
687 155 999181328
159 477 999082367
110 96 999507500
871 455 435844948
992 978 999961945
325 298 371836480
868 826 406015033
488 813 541601393
542 802 999233599
800 778 999374167
280 413 842843432
993 998 999690818
408 45 37223703
46 88 954546485
540 155 999698847
911 712 999136186
968 685 998882028
603 33 999048071
784 968 998974581
988 929 998903726
950 488 999100373
527 970 999048952
712 97 999124067
213 319 751464191
681 723 999260436
786 852 999781542
784 320 999131527
773 890 999134020
664 731 998873396
63 965 171315806
285 746 999023910
691 970 657744707
859 921 999336948
392 526 157345764
56 389 999893473
776 532 999457734
695 430 999648228
704 726 999212151
979 703 999801160
653 977 999853349
65 862 663478305
366 424 105517154
955 856 999691525
902 982 999403127
330 788 998814723
904 973 999650007
755 284 999507570
896 835 999931328
930 960 999197831
554 510 999081966
28 658 999269401
801 711 999487864
34 945 999755767
732 441 998897482
925 991 999791103
199 1 999331615
259 378 999256043
618 238 999335624
870 985 999550405
465 733 999646947
752 596 999861075
426 15 999374166
748 37 688460510
546 1000 998990799
955 820 998970010
150 67 999402274
762 766 999330604
370 226 999321582
330 49 380643751
704 894 998960253
560 143 998901413
863 839 999711849
787 192 904966515
546 689 999566532
597 59 508444134
712 362 999845936
772 816 999878216
947 967 999598190
618 304 999750566
485 972 999504076
256 521 998888353
856 935 998866386
685 377 999751042
654 856 999119436
759 939 999064296
704 651 999914243
324 572 998957936
835 940 999991641
215 678 999950932
276 202 999252622
81 894 421482394
206 730 999047470
546 542 999766768
916 299 999683784
861 917 999552939
635 80 100303462
187 98 999795590
899 887 999794867
944 55 999254966
994 414 999985977
551 544 999806638
243 836 999100463
709 931 999074756
895 960 999493745
765 676 999973703
46 584 999917367
708 689 999098539
129 410 999081928
298 390 999993390
333 771 999376703
53 386 999618062
649 369 999988035
346 936 999491560
937 895 999714707
171 941 998955069
407 363 715525683
160 960 998947713
677 729 999075326
834 411 999578706
329 969 566517343
987 751 999877351
619 807 999498491
857 819 999494962
932 109 15418957
797 871 999503131
868 965 999914343
999 997 999455212
295 541 999420147
906 881 999035231
873 861 999774838
888 30 999125311
767 705 998984310
222 992 999634920
845 776 999883923
427 845 341949344
835 50 999191903
389 98 999314422
315 685 999587917
657 1 999591575
505 331 999280876
703 845 998845801
978 997 999213619
575 429 784014395
382 744 999429505
334 885 999100100
537 358 393551693
477 832 663478305
461 617 999237649
937 747 999033858
856 588 998858392
519 807 998945459
951 539 999803279
977 610 999463780
752 539 999603040
55 864 999518384
540 1000 999518252
862 245 751464191
48 520 938191772
839 504 758871538
133 515 2414531
441 64 999298245
984 717 999625901
880 531 999609724
301 634 998994740
812 954 999750175
568 285 751464191
818 998 998898901
855 866 999259764
161 275 999063329
747 746 687713561
356 716 578438229
898 767 999543169
760 833 998952682
796 387 480574212
819 78 195926108
688 729 560741944
933 484 999481487
722 662 999286123
726 851 999280328
249 796 999505023
929 954 999095392
952 882 999398183
807 805 999125288
6 228 999594888
171 796 999119678
929 847 999042757
159 880 999080555
694 795 999739165
638 855 999704621
451 581 999547723
999 981 999379169
829 789 998895780
240 578 999556183
585 983 999801178
243 850 623014232
560 810 999514153
994 949 999347224
880 892 999956122
425 149 999401741
626 332 999026760
123 555 998943586
628 826 999391544
233 451 999088183
193 391 999709393
260 587 938652850
337 885 767449156
598 670 999712775
333 773 171391033
993 109 999103448
973 983 999001903
857 771 999571217
808 579 997330719
941 44 999161867
277 972 22540284
957 876 999239389
782 887 999161432
964 511 998958204
965 969 999715221
779 149 566517343
206 437 999694324
836 850 999945844
944 941 999968392
958 538 999907218
882 990 999780156
884 890 999030071
107 77 999181269
805 912 999973189
175 276 999169165
822 917 999760119
959 389 998910570
110 253 999307001
882 119 999580162
520 78 999657358
860 948 999724103
877 193 904966515
646 439 998911532
586 198 467940878
962 823 999324783
283 65 999668556
709 335 998942824
461 327 731460674
476 406 999448994
835 82 999115622
138 157 999236496
900 782 999579247
829 603 999501145
20 705 999703065
257 574 998845388
218 967 999329684
882 735 999558845
621 531 981111319
314 504 999428099
667 984 999921129
685 601 998889527
429 490 13296109
765 853 999010109
615 130 999916347
403 471 999556639
780 305 151537209
836 599 999557081
851 103 999953971
702 738 999325728
739 912 999668780
236 541 998832026
304 153 999205236
654 660 999102470
455 649 998943826
937 933 999766590
218 725 999609587
984 436 999340248
736 825 998829209
718 743 999473710
928 819 999199230
249 728 998977126
701 352 999129448
86 799 623908731
449 64 998856217
882 977 999263328
931 895 999945485
512 655 631477923
983 176 834806506
658 149 998916327
780 993 998842813
881 581 999281480
790 624 999529101
826 51 998986911
890 865 999175514
501 466 999156817
614 607 998892595
996 629 999253981
390 951 999958080
907 852 998954359
377 419 999644309
567 743 642154147
889 915 999294965
641 54 637695392
43 559 999151959
790 393 999335559
47 175 999420134
697 719 999200076
846 893 998838110
670 752 998943305
215 549 752608038
99 815 522715901
585 233 999648386
882 989 999575072
31 134 999907971
659 887 999500955
283 952 837128583
600 835 998895409
948 895 999490922
907 916 999765902
597 773 999924059
801 524 998902727
829 916 999020648
330 984 999491927
361 803 999257271
798 325 402370236
26 20 998922230
927 919 999137127
653 162 999680837
898 901 999036293
690 535 999501815
801 100 352019717
5 112 887256485
866 927 999779284
680 753 303911624
211 429 999019828
986 468 999169097
828 904 999211829
199 934 999916649
661 711 999871432
937 929 999526364
925 880 999045984
827 894 999247479
702 429 999227195
513 588 999152795
166 779 998991624
939 992 998844332
843 956 999172032
733 869 999654136
664 242 999016680
756 817 999032757
756 185 999545445
393 967 999049482
922 182 935265414
741 268 999262153
851 785 999440855
650 189 998960188
237 23 999017320
552 810 999804452
955 855 999219422
102 649 740735867
578 903 999641905
429 495 592786632
444 830 998809123
246 482 182236320
349 453 999143747
813 648 999214137
430 200 999853172
303 154 642517380
459 194 634384468
812 928 421482394
897 761 999453851
486 756 644469788
668 967 999087566
573 947 999566688
188 639 999304305
50 30 999180158
602 306 428275192
520 326 999904831
647 651 998916595
970 748 998961749
343 514 860446392
535 137 999222773
675 424 998881790
890 131 999501341
342 749 999146478
113 257 999846338
446 593 999938124
467 963 999986476
657 738 510617596
482 418 998946135
529 947 999352797
671 731 999280869
762 218 263155054
140 918 103929102
879 650 998839322
995 998 998830314
813 406 999788290
279 284 999243049
582 709 999091139
787 134 999628824
990 403 999354812
555 518 999284476
992 772 999302685
913 389 999527597
960 458 261362442
472 29 999589884
779 413 999322672
878 226 999440665
487 105 999491400
226 505 999896013
970 578 998938695
182 376 999056185
893 726 999498614
48 604 999499473
969 659 999879749
274 613 82408336
591 862 999804981
804 923 999441515
318 427 999809510
821 432 998897098
236 552 41286988
503 706 999964450
997 805 999604330
378 742 702835568
295 296 999816084
856 743 964033631
973 958 998992195
701 644 999414556
897 846 999925923
988 773 999124782
807 292 999680439
555 786 21200198
788 821 998857734
599 384 999427190
37 907 999594822
801 778 999318639
545 774 999334794
796 186 999974384
79 957 420305847
122 355 998824051
684 431 428275192
499 995 999704247
368 828 999718836
512 287 510617596
704 923 998809231
160 143 999016483
807 506 999847963
565 827 999110091
429 753 999390199
451 571 998988158
969 993 998933125
334 596 998958329
610 878 998988091
733 773 999546157
16 636 339879403
517 530 999474141
945 389 999042058
899 252 999131856
580 791 999878473
388 762 998855516
836 643 999496900
205 599 999508413
781 856 999340422
730 630 999165419
992 472 999926381
872 990 999201651
886 937 998921033
879 869 999960007
601 159 73920478
888 804 998875642
194 287 999301952
818 342 998826454
383 588 69795050
971 938 999346507
807 935 740735867
569 478 999214275
865 873 999923120
954 933 418830119
904 635 998864246
702 728 999761513
377 978 999157645
865 163 999727461
251 319 999181290
959 52 999872744
892 246 676053062
117 740 999735604
498 526 999185682
273 19 999658981
928 505 999355599
32 415 999233338
907 402 999756046
970 929 998889960
205 382 313311265
450 235 999092569
982 841 999767389
437 392 999560464
402 860 999610090
276 578 999794877
16 431 999790240
681 943 999291739
935 953 999755751
417 314 999989260
569 230 999707603
979 827 999710404
579 915 998928487
984 857 574383432
371 955 999981180
883 642 999959112
527 305 998837380
890 587 999951354
855 858 999943915
878 975 999444496
723 998 999528938
774 253 999174233
699 709 794431875
182 287 999443237
652 637 999428676
1000 956 998916497
442 885 999620987
941 765 999200737
895 390 999127051
621 680 999064606
494 386 90851198
531 905 999761407
992 990 998833426
416 2 998825297
382 791 999510480
793 439 998841591
665 658 999974074
168 117 998874640
607 232 998875960
977 962 999536609
689 536 999294932
813 964 999297137
582 587 998917410
467 752 100303462
698 572 998874902
797 985 999824308
841 177 820227956
759 387 62941805
101 399 999546294
903 288 999111329
970 989 999720160
858 989 998931639
882 919 999472083
833 666 999751657
358 691 623908731
758 627 998885001
704 507 999868758
207 664 299762176
158 812 999661627
206 304 999939269
942 969 998935434
999 980 999595127
3 539 778092010
943 346 998834119
959 801 999591948
965 951 999386313
188 375 999655203
310 116 597757336
909 770 999728951
534 440 998874026
600 683 998847220
237 61 998859551
154 884 999854200
160 54 999622871
742 347 661150387
581 976 999797682
133 855 674984512
108 623 752608038
910 821 999550382
804 617 999985372
372 748 998906925
904 110 999615392
764 999 999721133
817 681 999686387
265 354 999093033
902 931 999049073
870 618 998832919
391 817 999567598
689 389 999584630
982 848 999389414
998 924 999087900
115 629 430810907
407 622 998963983
798 355 999487121
548 990 999439284
128 654 999154768
797 717 999824716
772 317 999743913
237 953 397395731
571 104 999165542
356 568 999008055
718 911 999589735
359 320 999420948
762 842 999213918
906 808 999180042
802 379 998959885
22 870 420094255
983 967 999992948
868 724 998891374
771 972 998819614
91 427 999548368
661 508 719807058
718 816 999535019
711 357 999249221
177 470 999177044
851 161 998917544
957 993 999546982
417 362 198170743
378 781 999842048
964 744 999881636
800 763 999549903
792 860 999233928
269 433 999464614
21 128 999332637
672 953 999237635
761 874 998813170
837 990 999224868
616 179 621719134
499 504 999523804
680 583 999902397
627 489 999804760
629 78 999499606
529 782 217085671
886 202 998944402
737 392 999594000
619 560 837128583
978 982 999651674
876 811 9535127
893 31 999171475
941 936 998806961
356 232 999218510
840 765 999944614
434 814 999206580
445 964 999183053
960 914 998945909
411 195 157204322
540 280 999356563
880 219 999320647
704 807 999773298
832 245 999280446
636 217 999606141
84 418 998985052
151 330 999029667
761 211 999947058
696 662 999666387
715 870 999860591
294 834 475321552
485 710 999548012
579 11 999363928
951 866 999052682
758 982 999491470
897 335 999603785
800 873 999060624
469 894 976788772
352 926 947868354
912 893 999620791
640 372 421482394
913 967 998894888
981 956 998931813
17 671 999336752
986 929 999819400
598 857 999475209
758 734 999524340
427 116 630528481
773 910 999614110
428 32 433387005
96 538 380645432
833 396 999564304
651 52 163566952
101 29 999140866
285 79 999614260
966 983 999688655
485 484 998884191
727 391 688259035
931 866 999674108
594 998 999065448
844 655 999732840
797 680 999796106
942 936 999150608
997 977 999729961
780 750 999391960
749 622 999464151
958 949 999969898
661 751 999851606
531 462 485676568
989 984 999719999
419 189 999207481
647 454 999365207
922 830 999033735
269 303 999470150
614 456 999381861
335 280 998901323
311 36 999004070
664 547 999233651
307 716 999549982
809 785 999343355
667 232 999560510
106 980 998880613
562 260 520461117
878 976 999259501
38 55 999988910
910 927 998818578
695 468 999004427
201 169 999409342
70 121 999747199
789 735 999042955
876 853 998893609
259 209 999001688
261 409 999608710
177 66 999349219
653 229 310012581
832 967 998816614
386 992 999298985
422 549 910619553
360 803 999801890
569 554 999920925
961 1000 998828077
414 877 999530511
123 710 23856633
903 954 999315094
941 990 998981461
202 63 999723905
906 966 999849139
968 555 999178998
210 470 412140555
308 687 999046588
973 827 999719458
977 897 999692509
387 646 999977988
708 898 475321552
951 893 999275877
468 121 189969775
547 438 999653950
740 713 724026407
783 422 301162383
917 836 999995349
11 110 999488361
301 273 999915794
776 897 999026362
167 823 999222953
185 629 999484172
819 994 999774472
493 663 999663307
409 326 999559375
936 911 756585634
224 159 999116436
320 757 999439121
174 340 999936977
948 756 998808037
945 892 999350221
543 841 999031077
661 982 999483406
919 775 999847502
596 10 999886754
828 861 545375210
182 915 999677050
842 165 509421098
893 815 999645799
855 886 999230583
59 275 999629642
783 590 999719446
880 853 999700701
424 865 999814112
914 753 999955793
241 635 999487489
982 794 503011218
987 977 999589456
734 725 999488502
162 322 999356440
807 676 999803442
943 599 999423859
930 907 999818598
949 336 338009506
765 823 950701399
370 67 543658940
740 781 999380100
124 558 185323847
570 56 999642722
476 977 43740162
953 880 62941805
170 88 578438229
60 404 999696194
484 519 999133133
211 361 999171810
261 61 999033852
383 957 999956741
455 306 999496630
506 843 999723113
711 502 999086118
998 1000 999618742
798 851 999875079
984 976 998915073
907 734 999573316
744 128 287146811
333 983 999947817
618 769 999068509
868 902 999074558
280 463 966986864
151 726 999878679
514 939 999656128
619 704 999050412
857 759 998807861
438 350 998995364
769 744 722889932
457 757 999981653
969 640 765574501
567 919 999310947
617 700 999961740
571 949 999829702
342 587 676093101
124 411 999118416
301 989 998987932
987 108 999585640
805 660 999967258
932 907 999585422
344 693 999251014
930 879 999051807
980 969 998976681
589 38 715525683
821 1000 999972050
867 903 999163994
1000 69 813649288
484 512 999543506
32 443 999501268
809 723 998824957
590 58 999920009
182 911 999065748
662 902 999591930
625 354 999311964
541 851 999475910
668 146 999499335
116 963 999914585
872 892 998981460
528 969 999668018
100 138 42634965
191 725 998828517
684 797 999816892
668 272 999213768
719 230 999047324
925 972 999168222
541 481 998865415
920 911 999778163
691 459 999671479
909 169 999263529
810 923 999394976
975 727 931627159
66 378 999816540
128 122 667159168
913 980 615346840
881 761 999077199
783 409 916475445
321 184 943547765
886 97 999259369
896 710 999073730
67 264 301545397
990 824 999333023
957 959 999848523
405 460 999624351
163 943 999691454
683 73 352019717
383 971 998964595
814 892 999560749
897 972 998844731
929 774 999508239
857 490 999788095
735 785 999578456
940 990 999718862
154 927 263155054
909 975 999799694
652 953 999009772
671 288 999282088
58 717 999179068
688 883 999530483
866 629 999075556
332 767 252267288
344 424 999906886
47 822 152423280
371 85 999015521
329 634 523183416
376 673 999034781
769 224 999662851
101 196 999023939
887 926 999558200
720 927 667159168
788 797 999800590
284 33 999238402
513 821 999201507
360 443 517586479
800 521 999732014
396 478 998996055
793 274 999755598
989 246 420305847
938 448 128217948
899 853 998986653
603 633 999236336
76 104 999554926
973 960 999726283
223 77 999055279
227 450 999167205
875 964 998991031
713 860 999657462
850 915 999606487
904 911 999013030
258 167 966986864
605 14 999051636
620 845 999691249
673 793 999090210
493 267 157345764
887 743 999513573
998 456 999181103
996 990 999888153
866 746 999704600
732 200 998983744
400 189 998919485
545 348 999280830
583 825 999077497
546 674 999832169
652 555 999922265
730 637 999017188
177 22 998943033
998 662 421482394
834 486 998878876
18 923 999504527
698 905 999888863
784 163 999394588
248 340 964033631
258 550 617497260
709 181 999771702
187 404 999239172
657 692 999263017
64 945 999262637
274 974 998955402
240 347 998981087
473 188 999949500
344 38 640599542
685 715 999655390
454 182 999830943
829 22 999577717
928 493 998982585
431 564 999640078
679 577 999048998
364 817 999028691
693 599 999174834
961 823 999563548
584 82 999292223
958 951 998897476
410 534 998944735
569 628 391626533
834 735 998884874
945 707 999920696
477 914 999221964
483 285 125256240
191 850 218858084
185 290 999199813
546 591 999471785
263 4 999858241
345 348 999128267
916 909 999643814
151 483 633083297
775 681 999481741
732 913 999615489
369 975 999908132
20 339 999676639
706 834 999110335
455 546 999407267
395 469 999721604
952 997 999440303
360 252 902444915
672 813 999019260
184 632 999989388
203 699 218018252
348 320 999146686
729 971 999509783
956 939 999453718
897 513 999144091
855 712 998990801
802 956 999341638
824 588 999966461
718 839 999791357
755 974 999110621
141 542 998917913
966 668 998954429
851 871 999295645
976 905 999114139
886 242 880877734
859 835 998858491
962 993 999139423
762 907 999274341
202 633 999401690
923 967 998815203
957 585 999683508
581 564 999987627
242 17 901545381
122 611 999258129
933 231 999316985
960 942 999046533
773 679 999475750
251 734 998960433
603 415 999237042
968 993 999029022
801 565 999969774
865 618 999406488
375 336 999521317
652 247 39579197
768 644 999831700
682 423 999684683
838 976 999595496
980 964 998958112
163 996 999512497
679 708 999006724
415 849 999949928
218 642 999900464
33 71 999006695
940 844 999823664
586 681 147645090
941 311 999620452
911 960 998806641
918 991 999195245
306 583 999338935
973 315 999736183
595 552 999552532
694 403 999279526
835 12 999353678
971 704 999070415
648 720 999032143
793 387 964033631
812 893 999427055
82 128 510759674
218 34 998948829
899 831 999041616
818 361 999342926
569 376 233832398
589 184 999663004
761 802 999587307
596 246 999854949
864 615 999940897
429 377 998844367
513 164 999496477
894 881 999650754
826 894 999772820
986 889 998848280
223 939 999084288
893 971 999307619
898 342 999436109
783 763 999282356
704 150 263155054
309 542 999633283
253 773 847539997
736 404 999692300
734 674 999227627
903 817 999575162
847 704 998983241
913 855 999824122
671 789 999347901
959 540 999081158
847 616 999021404
723 422 998879381
927 164 23856633
750 661 998957675
604 625 999365229
791 768 999643971
6 389 82236894
755 996 999015206
715 578 836541157
435 477 719807058
692 478 412140555
291 425 999285306
227 646 999846432
745 856 998951799
443 91 999695819
975 970 999004717
954 722 998911330
915 401 91634666
999 968 998960920
560 998 999643947
873 286 999891092
865 881 777155958
864 893 998966301
709 633 999738477
937 977 999262391
465 763 719807058
366 225 999554114
996 553 954470346
938 558 999559907
802 205 999645307
850 761 999742471
310 744 999292739
571 624 999510633
32 616 999923809
679 772 999258298
158 757 998923779
949 762 998908147
56 992 778092010
501 78 999979296
397 895 998830328
11 366 998881699
710 827 999597939
880 842 998918552
525 870 999582051
294 634 999822865
292 336 999753351
972 690 998920901
218 560 999030794
797 180 999097427
778 764 999592935
513 550 999903965
831 190 470805976
875 585 999001490
943 976 999092545
926 649 999101270
469 411 999389162
392 354 999223737
304 104 886875656
437 833 998916576
530 814 999874248
328 203 958497914
950 928 999974858
706 841 35636917
183 965 999465177
758 751 999017917
554 14 716907086
109 241 999947666
865 960 999925390
211 624 999133431
931 843 999756097
877 814 999800872
662 705 542538672
981 982 998875930
810 996 999605124
303 89 999440729
193 2 999446314
261 23 998905798
268 949 999045005
347 104 999523010
536 626 311890981
467 156 999917415
563 32 999210942
16 370 999635223
507 777 999120067
913 914 999981959
191 899 542560040
616 394 999936950
950 982 998961076
843 233 998994043
829 874 999162392
971 708 999898204
338 880 999400438
4 59 487156540
704 875 999609434
593 374 999540984
402 982 999129659
854 930 775258144
538 560 999096269
834 76 999323244
393 422 998908828
928 77 999834866
41 954 640479235
110 557 999506333
972 851 998832865
270 133 740397924
334 389 998834108
664 703 999911325
837 770 999047670
416 907 687158703
411 809 999416048
554 833 999663823
803 873 998970762
547 413 999764284
463 630 756585634
648 972 998931625
753 863 999863508
597 182 999951641
233 914 566554836
916 660 999518800
230 478 999380488
835 961 999582078
950 133 998890354
98 180 999682391
871 891 999491513
943 40 999021838
699 836 999439231
189 999 2414531
885 812 999046252
949 752 999338783
213 750 408288122
153 680 784744134
994 987 998985736
424 863 999734493
994 959 999292392
887 910 999084192
920 244 224342153
452 700 999716928
344 771 999610279
507 819 998954272
985 963 998809671
405 359 160913490
695 906 999220554
418 945 363499434
902 983 999545148
760 675 999429328
805 181 693537266
395 474 999064000
254 389 784744134
121 413 999623121
652 713 999470255
443 844 343351713
986 934 998889754
81 425 999759799
391 49 999466216
771 792 999621991
677 400 888151221
883 685 999445805
345 117 999961691
705 230 999124169
155 112 999072897
145 746 818718217
718 750 999032578
271 700 999819696
990 489 999304092
628 199 999676802
946 863 999663673
166 572 999387496
952 956 999950415
863 798 999445320
144 365 521022295
267 284 999128523
837 898 999650941
547 490 999901999
951 687 999268283
162 178 999109927
140 100 999365550
722 288 999475016
324 4 999977104
306 390 526124570
998 364 999716243
741 373 999868179
870 838 999234027
923 629 345886980
376 513 998902710
925 861 999597441
93 652 999709966
912 804 999483996
762 807 999718164
846 635 828118332
349 441 623908731
202 224 542538672
659 531 999147290
598 720 999378203
315 402 199699174
838 905 999879283
979 722 999919762
983 950 999841001
923 745 999956097
446 125 999636668
533 996 999433707
923 305 21200198
697 821 999724613
242 381 999736559
920 885 999566916
915 958 999506876
96 929 998811192
981 991 999722941
115 783 999225354
733 557 848680100
48 345 846474037
977 978 999977008
979 96 999812193
401 308 998808958
366 247 999582493
782 373 998870537
837 372 676093101
907 347 999281808
869 831 999890024
882 812 999135813
995 231 999025750
156 183 998842990
778 90 840722764
96 663 880877734
418 167 999458955
408 540 999003040
999 996 999653003
548 629 998851625
338 336 688259035
903 612 29661627
892 377 999158654
510 145 999570032
105 642 999638494
758 823 998921908
974 221 550847621
234 992 999941875
941 666 999583318
935 897 325783577
944 878 999827172
491 310 999975774
985 975 999541861
580 969 999177534
752 907 999074190
492 556 999900319
927 815 999195489
767 978 999094430
998 350 868925090
999 942 999654977
701 985 950701400
949 910 999272134
217 692 879474915
599 859 999256079
486 304 999211116
939 754 105163766
922 219 998961142
904 476 999788907
872 973 999908407
888 755 999437053
493 421 998956215
906 994 998921961
490 656 999913476
948 909 889680923
925 888 999772609
67 580 998815820
544 603 998906928
894 698 999067489
984 962 999096012
950 485 267248970
897 210 999262240
979 984 999203914
950 454 999780895
642 678 26250792
983 99 999648105
511 14 998988813
445 404 999330664
988 788 999961637
387 728 999392498
341 920 999670305
882 439 80063107
489 605 999508238
938 933 999664613
657 975 999337290
810 806 998927128
690 634 999017222
518 457 999266887
443 520 999522880
873 745 998922196
345 589 999556007
409 134 999114572
842 523 784014395
331 282 999186991
333 438 999675704
864 537 999302500
963 784 998837300
473 696 999694757
18 841 526124570
945 518 998974674
538 310 999025992
212 935 999589678
746 302 999580154
87 372 999377064
966 952 999371717
382 428 999169345
544 579 999003106
596 471 194598233
581 632 999025452
356 807 999041203
228 918 999998905
556 681 998913957
772 856 999050016
746 304 999704331
846 909 999460469
834 600 189180737
224 702 218018252
421 125 998847681
964 881 999380769
673 543 999790869
855 439 998875410
51 385 999903404
297 226 847539997
882 716 999819256
83 354 267248970
200 616 999925725
525 962 21200198
977 390 999985197
830 64 582489604
972 804 999034193
323 130 999523957
858 684 999463523
916 204 999799376
408 498 998806821
954 980 999950101
543 188 999385391
738 589 998845616
533 946 999089317
117 286 572745286
824 571 343351713
547 563 999810208
792 979 999017593
450 531 998833927
411 240 231780230
5 715 41286988
1000 894 999831064
293 63 336669931
563 17 799813747
606 603 998992562
382 209 542538672
479 251 998837730
272 776 847539997
926 102 999609885
320 310 998946653
903 790 999524810
820 939 998877723
672 609 999968654
278 123 998891454
606 521 140177331
964 851 999503135
855 762 999570976
837 321 999252641
1000 963 999356745
887 912 999244359
798 937 999313316
729 379 999338668
967 949 999929617
977 950 999017253
132 993 998811689
354 65 657744707
878 118 999078165
432 680 999032684
733 703 999084687
997 992 999763059
929 811 999660407
634 161 999105495
269 403 999338614
985 375 999861907
476 920 149342019
997 998 998949770
259 493 999464455
580 413 999629353
693 354 999120069
826 569 999773136
454 425 999486873
67 419 999410451
883 930 999585092
54 643 676053062
787 413 999249334
366 252 999960778
701 546 999677097
460 757 998864456
106 445 999942149
981 907 363499434
912 920 999087611
853 981 999528903
556 887 999287797
979 454 999792758
627 493 999408390
392 844 999898132
541 196 999525324
886 726 999501052
404 930 999194913
766 510 999942209
986 988 998917167
616 485 999689370
323 405 687713561
997 1000 999923169
841 536 509421098
957 987 998960824
360 16 999010457
260 833 999122511
733 379 999664221
371 298 999287191
269 747 101983097
755 949 999111379
988 350 149342019
755 448 285839927
989 906 999713215
963 401 784744134
747 562 999001484
742 966 998902861
999 339 999858686
722 757 999916345
628 824 998862930
591 754 999954798
756 456 999876206
354 444 999546947
576 428 999956613
298 435 998917854
644 997 999631967
413 736 999701005
667 192 137272186
81 585 999921494
577 396 999551424
922 439 999375139
919 551 999136605
375 315 130746579
500 288 999617943
940 310 998876453
196 226 998838843
850 600 373482547
905 980 999741820
746 442 941279877
651 649 999615280
140 779 998922253
545 782 999301508
726 948 999626428
888 988 999290972
969 873 999064545
943 977 999827151
545 956 998870501
287 324 999027362
360 621 998853085
72 553 999603063
240 71 998996252
826 722 999486285
773 672 999078630
87 80 999590624
907 915 999259251
357 154 999070928
989 955 999627865
73 650 999776966
686 666 999094110
432 577 592931036
696 967 999155777
660 747 999100963
918 831 999716325
527 129 999412282
954 775 999696376
711 683 999005017
781 910 999797507
424 670 998864347
123 210 999163045
439 691 999574347
606 265 108422880
240 977 999462733
782 550 921942878
766 937 999692540
851 852 998817615
578 273 999820083
831 427 999246753
608 950 999936972
881 998 999979351
813 276 520461117
804 918 999381018
810 749 999035514
860 745 646168225
97 653 950701399
904 497 999647926
79 524 999121994
335 565 82236894
944 868 999509748
887 952 999916780
977 981 999289382
59 75 999991381
165 147 522715901
966 868 999766858
693 984 999285473
846 697 998932902
787 208 999275944
937 859 999021760
269 794 999088123
938 516 998895018
934 251 130746579
341 548 85216805
619 690 999220047
551 856 999526929
544 986 999962041
389 109 999333725
457 755 998839159
961 958 998925609
790 706 578438229
859 659 999047938
998 610 999543136
971 972 999424016
231 653 999352152
431 628 999853348
299 765 70194629
223 289 998994893
472 465 999994932
887 761 910619553
657 683 998993081
934 951 575939996
910 632 999479172
879 916 999537084
870 47 998833582
990 998 999605764
598 440 999595088
832 136 999314874
904 126 999888989
596 449 999887473
964 781 28989729
65 186 999769994
42 943 999771473
684 338 999402615
785 258 999746298
782 334 999605189
229 984 999183200
859 501 719807058
761 658 999890608
256 512 920453709
964 296 999655618
708 912 999911020
811 566 492217286
345 958 998885284
442 166 999840417
992 999 999995187
779 357 999470492
672 882 998836772
458 211 954470346
927 954 999425340
165 524 999532543
779 489 999430692
923 939 294674602
710 133 999738693
622 427 998867085
806 910 999704657
889 51 999876618
114 86 999980062
980 749 953116704
187 520 999211474
976 902 999876029
809 882 999097180
82 504 999954218
936 980 999732756
909 911 999652166
54 982 999919540
863 633 999764811
892 675 999837009
666 869 999906812
820 500 999937176
910 178 741012109
753 749 999214057
193 810 999105822
835 621 998850249
953 904 998937830
887 514 999829024
325 606 999443248
38 111 999929920
134 873 999365344
336 614 999678522
721 539 999671091
508 62 998887263
902 948 999487228
68 263 999521537
889 470 999039508
687 609 623014232
909 966 999138352
281 585 999208569
990 724 784240638
798 933 999785720
853 131 999635263
406 329 998992492
799 759 999612595
111 480 999994899
810 252 999913884
972 984 999104295
180 40 998987804
961 988 999262369
729 862 999698898
46 737 998860442
936 848 998957576
482 665 998996691
417 851 999055401
899 986 999632926
991 953 999304559
968 568 999223398
979 989 999773781
541 159 998861948
170 693 999041865
690 984 998837407
753 500 999915404
635 732 998866501
915 618 998823812
244 768 998938970
985 999 999036416
450 799 497418592
665 814 998928376
123 673 945604507
185 141 503011218
235 71 566554836
986 976 998826525
149 903 558085584
712 426 999331954
923 877 999434090
75 938 999318411
938 220 847539997
895 920 999958099
466 218 422323953
658 695 597515215
975 636 999674950
924 947 999860726
691 881 999089838
221 839 293084489
805 701 999772651
904 542 999975492
794 210 999119162
26 840 102381467
291 457 999053753
812 219 999379968
673 736 999602914
802 989 998964857
822 658 999391141
719 206 999933804
507 328 999640805
105 104 380643751
686 818 999547825
491 708 999122836
861 767 999284049
255 885 999659756
598 853 999568761
175 206 999625493
675 530 999385878
977 901 999624486
303 805 999717277
420 543 994153862
990 123 879474915
342 6 920453709
974 964 999233211
428 85 999721111
505 833 999611983
706 907 999361028
905 382 999515403
182 315 999672418
651 228 999118110
920 131 999310626
884 839 999648895
113 834 640772434
385 978 999497703
475 399 999801800
779 769 999078048
286 52 510617596
488 887 999385358
388 583 115902662
852 896 999439066
333 81 998994409
912 214 289510375
517 492 784744134
678 828 999802253
646 446 999803737
989 413 999024796
27 716 29692265
928 777 999265377
804 520 999058118
601 711 999778796
886 769 999164388
539 372 999592265
661 627 998852412
237 114 999942464
930 733 999190848
135 13 287146811
803 959 999066643
58 384 998871926
735 328 736813442
226 870 999455830
32 779 999786700
627 205 174328624
141 879 999885490
579 434 999859188
398 22 160547891
661 266 999888729
867 950 999671904
927 958 999666577
950 854 998896716
498 659 999316821
219 982 998929609
360 384 999018860
357 763 999109149
472 869 998885228
700 316 998866130
774 826 96677376
531 117 999474135
519 714 999615234
882 857 999837787
739 836 999616382
248 768 998807062
913 391 108422880
888 917 999051466
215 728 999896677
430 869 428311933
619 171 13296109
739 6 999181339
982 722 999565311
791 688 999972973
664 145 999814145
163 66 999232728
311 864 676053062
660 549 999324195
750 510 208256704
824 889 999084301
573 829 999087237
682 526 999012871
547 336 631668507
713 957 999969710
937 365 999875303
706 773 999209294
335 493 999519614
950 998 999021211
579 891 999120909
176 734 999489610
802 915 480574212
7 38 736813442
990 897 999142774
852 595 999711546
821 452 999904831
665 508 999967823
796 566 999472703
954 967 999454220
648 171 999094231
562 392 998991255
525 945 999069905
832 558 999770884
64 737 999557314
929 979 999529477
905 958 999404681
847 946 999252014
775 690 998893345
931 799 999584661
923 82 999109227
631 953 998829906
665 688 999505001
345 889 999695684
195 716 999746479
401 31 999139296
578 105 999023503
268 942 105517154
797 958 999534942
934 782 999566281
72 833 999172295
69 588 999284579
234 570 999897300
605 116 999293523
21 809 933429412
773 477 999498441
999 921 999368784
525 301 998947984
955 372 998945078
998 955 999942655
350 311 998909931
733 800 999478838
819 828 999178008
601 55 521712273
60 487 758871538
793 373 999059549
674 739 999603537
315 204 667159168
220 708 999759652
281 218 998884791
304 594 999619391
219 802 999263649
511 268 999388438
869 1000 999630700
927 905 999263231
440 413 86021283
280 257 818718217
560 554 999596995
978 987 999499429
326 652 999796579
749 726 954470346
972 983 999552068
829 375 999985578
639 539 999993468
398 762 998936502
502 797 999682219
829 429 998864745
788 602 999426067
737 818 999760187
558 552 999411787
407 864 999878548
181 3 998893556
834 354 999361440
629 546 303166721
830 377 998922574
694 772 976788772
737 151 998931341
69 596 999714681
638 708 81479556
838 742 592786632
382 906 999469632
208 607 999908469
822 929 73920478
775 245 999133580
726 354 61398524
671 764 999018539
813 792 998844562
162 87 303911624
924 990 998826575
547 926 85216805
957 614 999183397
531 310 998890506
877 980 999023653
5 350 998868559
5 814 343351713
164 865 999693641
175 84 999916357
259 49 999860997
422 266 998947433
526 588 998900043
159 287 998812313
752 684 999277564
999 993 999327695
853 968 998859948
352 361 999019122
338 719 999445582
992 392 285839927
878 131 999000097
467 634 998872713
583 127 305910858
234 835 999149197
491 597 999106145
585 303 999898445
756 425 999012161
473 252 999879566
839 997 999363665
911 690 999757085
484 796 998964038
785 473 999355917
908 127 998989617
22 64 999892763
690 851 999756370
308 153 999725972
848 495 998894232
558 445 999138012
477 474 999430729
863 956 999342668
346 745 589239233
792 601 999282148
200 166 999947188
815 828 999882210
751 762 999527029
494 16 999440173
660 675 834806506
947 836 999939278
326 208 950701399
360 974 998836956
967 981 999360211
973 714 999926253
823 977 999358734
89 320 999376150
383 104 999138216
650 862 998876757
606 937 663478305
984 2 999055083
685 584 998827236
304 399 999851367
6 610 999137127
679 100 999839567
723 792 998883316
38 948 889680923
381 595 999393584
642 352 999594838
509 918 279531963
667 977 999685090
774 820 999714617
156 172 998849488
757 864 624809657
840 553 999607861
712 674 508444134
838 833 999388001
901 945 999032765
712 526 998864268
761 719 998868385
58 959 999524421
461 971 999605799
988 918 999160127
615 380 999001416
671 803 999210553
299 323 999958968
940 208 999151100
299 767 999869074
547 675 999179643
804 835 999245860
600 531 999074883
440 332 810906811
919 780 999717710
185 697 102381467
784 214 999046248
893 975 999472460
588 852 999429501
451 236 999987130
770 989 998814899
71 877 995834010
627 818 999701790
918 951 998906087
261 575 999690119
289 878 998951498
540 409 999181619
745 478 999536902
705 864 999634653
156 798 999810730
509 942 998857356
804 847 999538910
86 112 998956340
48 275 458661746
783 779 810637123
873 919 998905354
651 942 636368016
351 208 743326376
532 810 999516060
679 211 999675418
25 490 999560384
529 449 137272186
646 177 999482831
543 827 999236792
932 999 999110065
659 617 998991573
667 509 998891051
984 392 999917454
134 671 999007497
653 678 999359374
265 775 998894849
758 681 998965244
865 902 999295040
574 288 364411882
579 635 999050740
873 293 999759792
42 137 999310705
11 37 257553381
332 506 82118764
920 568 219304978
849 787 998923756
462 589 999354523
534 339 999927597
314 48 435844948
881 867 999314046
754 951 999692475
934 812 189969775
343 250 999134401
646 870 560741944
121 21 687713561
379 580 998832645
387 172 672989590
80 837 998887072
862 142 998949825
541 835 999078460
897 764 954546485
364 926 999996779
22 684 999400295
546 507 999349790
756 471 999783887
146 297 28989729
829 392 999019110
927 967 999843145
488 953 999807019
718 991 999144928
827 794 999877997
347 993 999606248
807 362 999070489
999 348 472142937
924 600 999230359
228 908 480574212
854 768 999360044
780 828 999425374
733 956 999092011
67 826 999426666
157 954 999207026
43 492 998928309
939 832 999990374
994 960 999968022
986 864 999867398
317 190 784014395
726 223 301094132
130 710 458661746
499 547 998917944
783 994 999575463
145 512 436917367
918 71 999660637
848 742 999640683
688 689 999257210
1000 964 999522372
521 620 999829543
50 350 998863490
272 535 999460699
528 534 999328265
113 23 999989155
373 912 999873011
733 236 999243023
96 839 999019226
478 748 998854669
903 993 999199580
178 51 999766487
912 982 999284830
741 3 999587055
169 129 224342153
814 873 998888265
74 104 999070637
889 929 999279157
860 537 999548270
253 297 151496032
893 968 999793311
823 701 999081959
97 90 999922126
994 985 999405637
458 41 999873235
922 255 998974912
945 843 999679805
51 284 218018252
305 579 999533315
866 935 999898745
994 686 998911076
916 894 999231291
181 682 999850915
776 191 81479556
707 865 999100765
961 273 115902662
590 561 999878997
343 728 999818773
450 141 999197673
891 919 999187925
872 484 999665428
67 23 2144031
571 342 999781107
91 462 999020229
323 577 999045196
683 947 999000981
173 581 999031044
281 763 999125183
410 420 999267653
197 27 999997850
82 896 439644584
295 322 380108607
920 745 999979418
400 990 999393564
439 584 999858144
937 512 999944659
369 608 999788975
207 770 667159168
730 152 46688903
378 153 242294806
923 707 999413293
196 203 109736444
385 354 999118377
772 801 999429709
39 33 559039472
953 839 999327183
854 869 999084940
696 442 999845487
162 575 999927237
163 153 999914770
693 407 999286851
289 874 643065044
53 379 998891031
268 71 999856477
342 150 999633192
881 391 999073065
805 250 999671859
915 772 999807986
942 961 999758842
979 17 999039134
921 991 999289672
618 806 998948598
603 642 572745286
769 823 999160150
482 460 999708962
879 778 999921847
410 198 37223703
752 705 999223283
637 516 999161175
266 15 15418957
919 23 999334670
864 642 999496761
37 498 470805976
40 147 999677171
499 667 999695948
670 937 999405521
184 837 999495501
366 422 999759489
344 134 999684035
985 643 999548821
99 38 998950729
410 371 999191978
522 463 999928475
742 775 999686058
718 891 999975334
491 836 999674208
313 207 362101055
698 41 999923973
250 636 999780939
809 575 999119094
639 61 999642756
441 659 999056037
218 672 923176812
937 960 999598796
399 528 999314879
57 393 999165773
183 26 999259687
13 230 998998706
721 893 999729201
65 467 998963584
951 724 999491626
747 384 998905251
751 350 999124248
588 115 999038420
778 803 999733183
855 862 999362677
462 638 999957514
966 913 998826926
130 154 999859350
720 65 999497982
615 719 432883184
728 850 998830763
808 685 999839727
717 880 999292469
988 987 999168038
501 464 666153191
908 753 998818125
500 545 999074179
179 161 999682169
462 753 999565487
516 442 999846099
157 551 998879447
918 817 999371613
972 555 999528730
948 819 998810393
976 455 702835568
99 896 998942833
378 445 998845947
205 361 998974330
950 935 999124488
779 879 999952674
236 361 999099078
937 637 999100008
358 20 597757336
379 468 999889108
824 832 999255475
950 863 999280361
333 385 999566066
565 449 999907423
89 832 784014395
682 782 999891982
985 436 693832407
979 997 999196955
890 825 999620569
884 696 999218120
735 351 999265082
698 917 998895056
732 465 999776442
114 920 160547891
943 992 999204389
847 631 999241947
947 327 998971181
872 636 999357837
841 766 999469219
954 833 688259035
119 535 39579197
460 772 998857653
376 292 998828476
952 175 999921386
282 474 422323953
701 864 999100182
224 690 999493908
740 657 999058193
765 606 999408346
851 425 999055890
925 947 999927226
539 496 999359212
152 186 26250792
337 240 999778961
461 745 999728324
789 614 999542262
107 989 999806017
592 22 999986999
991 810 999015987
657 860 998888665
847 876 661150387
430 91 363499434
197 450 999671590
869 654 999167536
580 454 420094255
533 107 999154493
836 930 999572279
903 81 999381304
708 346 999689552
835 996 432883184
352 514 999809055
507 744 999662455
840 980 999408966
234 979 999119073
583 236 998937268
361 647 82118764
223 582 880877734
912 786 998866005
196 88 999285089
178 907 998987151
668 734 42634965
105 513 999762323
911 185 998837306
923 825 999142124
612 72 998841831
175 171 252267288
842 63 999225276
986 894 999335984
504 63 999545108
14 499 887256485
825 7 999186380
131 276 999572837
658 682 999622148
867 653 999394742
942 890 999776097
922 266 999164606
342 120 999154926
767 913 999696124
950 129 999478899
561 257 998985790
912 866 633083297
393 991 999361162
536 860 999353522
263 629 998912226
678 955 999600654
343 369 147645090
417 392 799813747
161 68 252267288
379 434 999545416
928 930 999177639
804 426 999780480
865 834 998957350
888 817 999292504
940 54 454153021
110 53 208500874
100 904 842843432
791 694 999757957
671 818 999352763
868 534 998901772
47 791 999325891
484 656 999632676
997 990 999121325
96 788 999250231
513 927 198170743
727 258 999206870
872 749 999510167
660 629 998959469
207 891 999510587
979 990 999138169
590 70 406015033
638 241 325783577
125 429 999684227
256 960 999576392
745 912 999658292
754 115 999125873
642 853 999713102
807 377 999656861
913 685 999058557
734 714 999990920
346 87 999089976
706 187 838179766
29 877 999699405
18 6 999480976
120 648 998980305
148 401 999625973
538 920 998954926
775 676 488392941
230 330 999485597
583 721 999966917
561 178 371836480
253 626 999320512
622 162 62800249
940 568 999144919
590 326 999480666
291 799 999701880
820 391 999367837
459 629 999998238
667 562 998854464
202 496 999727199
813 940 999547405
732 844 999617642
570 562 999159213
454 446 182236320
230 792 999768395
571 835 999170564
415 553 999077239
847 845 999254123
789 807 999107879
157 357 999818904
910 971 999653757
128 757 999797948
208 722 998968275
423 318 954467877
591 681 999332681
473 158 900327275
316 768 998808122
520 386 999340511
987 494 550692586
702 584 330690099
638 723 999759766
304 822 999646325
851 220 725350260
363 137 999259091
252 98 657231772
972 998 999530668
573 170 999938286
631 998 999660008
556 596 998866981
989 928 999425351
85 642 999026797
882 918 999021230
132 188 330690099
936 900 999748834
567 691 999441253
734 809 999005962
824 841 799813747
751 437 998894572
204 427 999082386
822 815 999100222
280 368 999953775
181 639 999819921
127 523 475321552
716 892 998953790
243 443 999966198
908 719 999765568
91 949 999137881
303 834 999226211
399 912 718757716
579 438 999411406
51 406 999369935
361 796 998902364
282 536 999683505
902 72 574383432
391 574 999414275
857 826 998807687
108 912 510759674
180 545 836541157
554 586 999992471
785 682 103929102
861 793 999286839
771 784 999384792
853 656 999261511
162 95 999592186
645 677 43740162
960 341 999473603
873 709 999787129
860 892 999257359
855 766 999904936
63 610 470805976
521 671 999526774
962 895 998896415
203 215 999741014
961 982 999118267
606 676 999825539
883 247 371836480
785 605 998984396
730 406 999545201
810 368 998857333
775 854 147984293
782 396 999202800
655 747 999870953
236 569 999892519
701 891 998847264
636 232 61756531
584 814 998951897
823 199 526777489
72 404 999994487
167 238 999559392
104 483 998866221
619 504 999833026
668 786 999426337
146 380 999364934
2 646 998906264
143 384 999192671
795 159 999031390
991 992 999053087
715 650 999141001
825 931 998905101
485 841 999786326
279 730 999519443
855 228 999590010
234 342 998862180
798 201 363646879
334 447 999832652
463 321 998991552
194 436 999092802
867 572 889680923
761 935 998853962
103 84 998886808
469 288 338009506
270 470 999520433
870 944 999364053
898 1000 999850276
491 569 860446392
134 914 713350389
620 741 999336630
435 311 999040854
852 108 999177217
700 672 999508196
386 579 999257667
145 109 999914404
827 929 999653414
801 628 998911825
842 662 999900453
978 986 999762877
422 637 623908731
530 311 999286566
607 170 999036587
731 480 999926021
216 366 999478822
129 550 998944157
544 727 999639722
828 825 999640792
364 215 999108442
642 451 999044265
150 396 999918999
861 502 999235332
900 894 998869791
32 391 999238527
963 976 999026393
93 988 998987415
175 707 999648741
300 457 999935446
447 547 999819734
785 642 999939100
316 895 999273080
821 609 935265414
808 988 999646134
498 191 634384468
509 131 999266168
814 8 999259671
746 822 999300079
397 143 999723563
492 127 999274958
968 480 999732284
34 755 160547891
211 716 999270692
737 808 998902360
213 560 999972563
553 812 999227399
753 955 999195830
872 939 999619819
884 910 999130301
311 906 912575404
601 518 999598464
941 981 999755092
923 592 999704547
318 703 999019826
998 996 999640586
511 467 999570466
490 823 397361062
877 864 999286967
978 857 999732453
899 871 998861774
44 460 397395731
679 87 303911624
971 941 999878905
113 288 999995776
990 915 998881256
276 189 901545381
986 67 998956083
775 536 999324121
912 864 999251031
969 830 998950338
38 503 999027280
970 972 999859092
665 676 999737286
924 915 999515968
851 811 999724169
855 325 900327275
885 971 998808253
944 729 999150621
947 994 999682704
232 148 716907086
435 762 999230827
951 969 999641191
963 999 999524901
560 821 999383451
108 106 267248970
461 316 999794919
217 377 999878459
666 362 999437815
355 767 623014232
775 762 998990775
114 683 999305434
297 375 999680013
656 745 263155054
563 818 449347691
733 93 191094802
976 855 998919652
555 661 999415544
952 121 999325134
970 653 999220477
913 906 999771836
94 786 999934549
639 331 999900233
960 712 999312602
898 945 999038148
991 978 999490177
89 948 999886067
680 888 999224932
936 780 887256485
503 708 766445732
606 984 999696920
970 842 999803938
394 433 999976271
453 107 999035416
610 963 621719134
696 911 999501689
868 886 999722383
113 428 999782578
894 783 999424374
891 806 999379213
835 13 999995815
167 64 998863510
143 300 999007883
33 42 688259035
879 901 999073998
888 942 999582418
951 348 999856276
782 709 999574720
961 994 999251595
942 973 998816592
727 36 999073619
280 492 999155405
901 498 998921668
838 75 999755140
560 863 999987453
963 77 999643246
704 803 520461117
42 569 999358972
101 688 690033404
323 183 999842603
260 717 999255509
801 759 999851635
553 336 999860565
126 180 999184600
901 767 999092741
767 905 998879286
768 548 999796192
548 245 998845820
461 269 999903230
975 990 999128048
861 940 999141644
10 881 998933014
712 312 999646136
318 398 999268634
867 528 999937484
619 24 999395398
31 935 999919955
232 163 998923127
524 805 352019717
285 36 999909043
110 405 293084489
475 398 999523289
722 251 999699462
16 254 999400646
657 350 999827775
540 662 998879447
998 966 998885838
949 453 998853187
139 134 999095264
235 718 999380854
943 419 999749504
958 955 999579244
793 652 999108337
429 947 301545397
2 943 999950830
19 804 999255775
463 524 998816976
333 219 999347665
82 36 999605888
873 350 999906113
684 883 999218164
971 348 199699174
888 577 999683761
752 534 999296110
809 425 578335025
558 521 999157004
144 123 999873961
883 803 999054577
202 439 81479556
632 857 999431660
954 42 718757716
903 383 999993639
561 395 999949536
635 477 521022295
898 563 999736840
951 781 999866307
268 654 90851198
973 690 998934287
564 330 999040472
981 273 999220662
937 997 999977435
617 453 9535127
599 526 597757336
696 476 581247623
409 808 999455392
163 509 999680021
645 816 940591393
944 402 999171955
451 828 998823548
503 364 842992429
887 200 999962143
996 973 999764073
395 297 999613953
165 106 999038820
747 734 999454881
542 526 999490157
587 88 999757253
577 908 999401049
939 801 999017653
668 856 999633845
681 47 999305859
670 525 999286293
122 145 294674602
445 170 999759301
991 812 999188172
762 573 999496113
946 318 90145939
626 423 999354602
376 137 999342243
631 474 999583947
862 741 999360607
785 968 999073600
69 61 178390713
676 578 999488525
825 840 999884890
849 884 999679521
324 512 999141461
525 421 998874806
298 754 999047048
659 572 999664135
996 618 945604507
969 972 999135905
502 520 43740162
566 107 999645357
837 999 999371786
996 994 999427417
721 986 999871904
141 801 999539994
345 839 999677310
457 430 372438405
334 132 999395149
963 22 999144952
390 378 999451479
820 998 999104429
911 569 999580785
641 330 999695806
876 423 999387520
997 733 999854707
748 880 999011992
522 888 999955381
15 447 758871538
995 991 999266305
927 960 510759674
854 948 999446327
222 439 997330719
858 426 999569574
596 480 999946112
983 996 999535149
806 992 999667109
589 850 999552150
965 912 999718754
719 949 998943507
765 901 999021782
545 253 642154147
27 81 467940878
279 645 998906702
720 901 999458679
982 988 999315945
247 170 999998112
805 579 999426546
501 49 966986864
162 296 999098161
861 862 999708126
307 505 981291784
801 899 999581394
344 406 999827552
769 496 999823283
194 75 999838896
952 911 999779764
973 844 998820088
450 579 999888695
443 689 998928212
827 326 999754298
74 258 999489420
48 227 439644584
490 423 999095001
826 159 999284112
814 400 999122289
69 599 999121232
932 830 999899779
39 227 999984744
953 995 999223602
318 526 999382860
853 822 999132587
290 766 198170743
493 894 999337652
974 831 999660854
566 215 999421538
760 176 738194381
442 647 999609637
466 396 111015991
323 655 998823372
804 669 998937954
705 713 999238517
655 245 998920479
942 974 999748696
626 7 999815040
494 246 999915908
145 73 999088316
648 819 999328805
753 975 999042748
463 975 999458107
294 528 399576911
236 743 998810734
649 168 999471231
351 633 500186756
970 363 998941059
997 953 999471253
40 818 999242810
380 371 999459342
448 54 999515581
298 188 751667300
398 890 998934431
794 44 526777489
878 157 999586131
80 940 999264716
798 58 743326376
626 555 999641829
737 967 998837499
698 47 999786744
577 195 999752052
292 634 478693581
918 901 999213366
504 544 999387627
937 963 999003668
914 98 998832715
981 887 999088159
401 384 998900498
250 404 999334971
968 838 999592713
977 870 998823106
423 785 999773474
489 592 999048014
863 585 999128764
609 991 731460674
433 219 999690908
281 453 998837625
512 753 999274724
549 535 999283373
805 5 999890919
435 570 999139930
605 619 999856846
806 594 998838038
764 899 999060336
394 703 999935788
14 463 330690099
194 351 999025402
928 758 999575659
785 276 999193539
589 670 999746089
806 982 999647333
735 321 345886980
961 999 999412182
721 790 998949510
963 936 999223762
400 609 999474903
863 779 999594489
892 184 999888737
902 756 999728308
218 153 999658912
911 875 999415114
302 715 688141338
73 139 998824985
932 637 999668961
976 677 301545397
864 957 999368519
320 827 999099488
777 918 152423280
134 750 999771960
821 859 999726038
431 437 998856547
717 836 999309251
942 840 998954825
978 835 999455902
916 1000 999998555
344 139 999943011
885 410 998923399
685 766 999308996
882 942 999432062
725 857 597943012
965 373 999617107
687 598 998945199
908 574 999587296
564 218 999776118
221 639 713350389
578 453 999149547
99 282 999238793
171 336 430810907
836 716 998868833
260 748 999148835
295 371 999330613
941 117 999769428
651 854 999312582
700 449 623908731
723 856 999379181
596 257 999319908
373 775 999554053
591 770 726160412
771 298 999438428
381 895 208852591
943 917 999032318
525 286 543658940
646 718 378664057
530 527 999739384
594 409 999263437
843 896 999239052
531 815 999381930
282 731 198936573
434 510 999472578
690 88 397361062
692 873 999083741
602 768 999474496
197 608 406015033
949 736 999499446
54 564 185323847
414 194 999868683
923 782 999015796
565 494 998876587
207 331 999289049
653 374 787469716
948 781 999718040
264 844 999609057
12 414 784014395
627 988 784014395
815 963 999568984
995 773 999605026
434 844 999242720
934 924 999452215
214 989 999728699
756 353 999045783
384 505 642154147
353 170 998830072
773 718 999255454
911 969 998824572
350 582 999732156
875 866 999779791
976 726 999652368
669 950 999245639
145 421 998878427
411 473 315431382
975 744 999844142
661 731 999451133
931 850 999712747
539 353 395981609
590 575 998970529
196 378 999334586
398 911 998964589
337 699 999019265
758 807 998886361
971 499 999591888
939 966 999362104
576 705 999014439
324 128 267248970
435 118 999833812
368 911 999162881
796 685 998984627
820 934 999899318
153 346 999309663
135 823 999483555
775 754 999470833
706 649 999210601
247 334 999253634
183 294 999051653
809 169 943547765
606 729 999913172
419 927 999100699
749 757 597717029
268 457 999535665
400 622 999387322
369 764 999460013
889 887 999510164
417 227 999920367
567 748 999682487
180 689 763226566
958 168 523183416
541 603 999029094
974 993 999582951
789 590 999400745
44 812 999074009
486 169 999950786
674 393 199699174
64 42 999785025
253 924 954470346
908 803 999870466
417 941 923176812
647 948 272958291
279 717 999471618
239 977 999562314
235 208 999269638
593 248 999687441
962 991 998903973
996 917 999844658
801 833 999732800
32 218 267248970
876 365 998837393
882 993 999296195
754 685 999677293
622 699 999968971
318 17 911812921
902 939 999022243
308 143 287146811
506 841 999272021
180 665 954470346
802 703 999000015
822 832 999156287
881 654 999054251
954 741 999085776
267 418 999716794
556 819 178698135
803 418 999731279
570 616 152423280
209 131 999476418
707 677 999291001
806 227 999912306
886 653 999342234
266 21 999959965
621 153 46688903
817 303 998955548
254 208 999642943
313 577 999491533
461 469 999891746
70 425 999651289
826 957 998832436
972 908 999607311
893 381 999923817
275 737 999979025
574 236 999375238
12 472 999639286
964 5 999639735
607 584 999065052
256 431 999623548
442 418 999638348
600 676 999598308
612 750 999325832
182 400 999776279
111 448 418830119
212 647 999751455
330 485 999829425
899 837 998902799
896 793 999102185
546 727 999366417
545 886 999959831
735 468 999304177
28 307 502304079
88 443 999150758
945 811 999781256
199 734 999147290
455 710 999899528
992 564 999625449
297 916 999855365
997 606 999090452
852 554 999359197
977 732 999062362
31 9 999811169
997 996 999432516
554 195 999236300
866 408 999168753
536 548 999885671
145 811 999102503
474 408 999379929
530 757 999990730
923 498 999625160
379 33 998813588
400 591 999424298
738 537 999666836
667 521 998869306
520 696 998895428
965 753 999255410
301 791 999394903
804 326 999014465
243 367 998832435
781 248 998936749
333 380 842843432
666 616 998898603
928 786 999498610
879 598 999754597
905 161 999246265
962 660 999635986
30 436 999877241
670 656 23139407
558 765 998993692
212 999 999556861
551 552 657434548
980 962 999357680
617 620 999916251
610 232 999089353
964 329 999623711
843 952 999289353
348 232 999082789
830 844 999858250
961 943 999141878
964 981 999752402
449 380 999773936
578 943 999654764
793 312 999439202
123 991 151537209
880 525 999173114
717 855 998953809
748 994 999515665
852 136 998914128
455 501 998916573
685 762 999656995
248 246 999926123
468 479 998915279
969 971 999570023
181 434 999791574
747 425 999061074
959 202 999571396
975 935 999320234
176 121 999904634
895 949 999967066
109 80 999813282
739 781 999019519
565 620 999529758
816 363 999374946
718 866 999688089
111 195 999083195
409 862 999116987
219 856 999578993
955 963 999069944
765 938 998933861
41 58 999610608
531 856 999566127
758 971 999568138
946 81 999256379
44 131 974658867
906 905 998848131
869 305 998821484
85 546 999207683
263 306 999087734
524 930 719807058
852 520 999463703
600 628 999380448
551 523 999400477
483 865 999162169
939 997 999557804
458 405 999616874
305 169 594484262
781 432 999296960
24 1000 860446392
756 451 666153191
959 875 999803837
835 746 998951091
729 470 999215749
400 617 999783997
931 755 999658983
969 513 999033509
947 842 998928295
344 11 999795215
86 584 999114895
46 957 999295575
315 444 935265414
628 627 999126036
295 987 999833025
386 914 999839674
1000 986 633083297
407 108 999592379
401 843 999102923
505 808 999214436
876 764 999734377
702 724 999498238
633 703 999231268
140 690 999174530
473 136 104283050
733 692 999679005
13 283 999563455
95 517 999200506
721 279 884501637
145 468 999756007
876 983 999513684
869 865 117939905
702 665 998927380
674 663 199699174
894 325 999070817
694 921 999438257
2 893 634384468
49 997 998930576
992 483 999054404
783 648 693008138
957 781 999516214
615 569 60696623
799 599 999613015
7 437 999173519
20 516 999661530
412 65 999033741
136 510 998830639
49 257 999403272
15 129 998857070
287 356 998894362
847 895 999345585
967 464 999487928
728 188 999581243
979 985 999284944
78 613 999736680
534 754 592391451
864 561 999493591
475 201 999071698
267 701 999966619
515 543 998923383
299 177 999714665
532 370 959526737
838 864 999790197
445 164 999787129
445 291 999070244
540 152 541393054
597 568 153585069
673 819 999879092
598 733 999199936
780 209 999728769
111 267 998990807
280 87 999793272
248 123 999604159
379 197 999909113
844 935 999997977
693 554 998827196
939 788 999454803
923 698 999844479
256 916 813092104
565 403 998964935
916 996 998924440
671 420 999206146
900 735 999350882
527 827 999035793
974 156 999010308
426 997 999184450
990 991 999827022
138 428 999275452
655 848 999519190
981 968 998919901
430 769 999877686
980 530 517586479
606 711 751464191
953 889 999453501
644 267 999772665
709 736 999826885
468 738 999036092
701 747 999874704
739 804 998816433
300 122 526124570
526 813 999500389
600 798 998916875
902 294 999456109
828 846 999781383
296 936 999663563
745 933 999824769
977 571 999327835
653 783 999346184
929 468 998976668
403 326 218018252
163 631 291602768
751 438 999940962
904 925 999327942
217 596 999949666
832 178 999341278
713 842 999223654
509 595 999631161
423 395 999053944
459 870 998972695
349 616 999486136
418 291 999006818
714 865 999809005
308 454 998806682
532 108 999230097
188 117 999919004
177 382 999579653
745 761 999066142
960 842 999171120
641 39 999381380
580 486 999505147
183 830 999555735
404 253 241330346
961 684 999916083
810 742 999129918
520 480 999869672
834 111 999469097
857 784 999566930
952 115 999174984
941 969 999174113
527 662 999485315
833 681 999680491
149 571 998941354
903 927 999452034
889 782 999545453
281 47 100303462
940 487 999139972
760 529 999324061
230 513 999831111
490 568 999600770
561 31 999535204
461 923 998822686
62 58 693008138
519 839 999380886
403 5 999354725
999 211 998836788
763 321 999531391
587 969 311295235
959 872 999746491
887 810 998890846
480 40 998905328
612 978 904966515
812 900 998861307
920 758 999994992
831 604 617497260
180 587 999804398
381 843 487156540
609 742 101983097
248 918 999983449
766 553 999649067
999 879 999480606
808 905 999248884
298 19 999606791
656 641 920453709
468 146 998987911
424 666 999121519
146 942 999379934
251 997 999571874
341 285 999457021
117 712 999434554
942 879 999494481
176 638 999839880
961 305 999999370
943 833 999934350
901 579 999142857
921 723 998812610
516 350 999813423
73 680 999233041
744 394 117939905
811 835 998979472
559 379 999446303
748 687 999524462
985 990 999774030
70 177 999231625
886 867 999139363
919 993 999081374
110 181 999578284
703 256 999158679
401 259 291602768
47 573 999402082
657 875 999568996
912 163 999325820
750 757 999209009
246 496 999766573
229 529 623014232
952 960 999132576
941 973 999186290
258 422 999865909
251 534 999510699
592 282 999976046
45 620 999070432
797 876 999868041
817 48 999624213
952 702 999335854
877 781 999737563
79 551 994037196
44 316 87026271
439 233 578335025
337 591 999647213
921 170 998903176
394 788 999456679
356 69 998937986
665 795 372438405
930 671 999478898
906 192 999813202
985 213 889680923
809 679 999759821
903 41 999088882
179 563 999381751
937 949 999135632
540 457 999045784
707 513 999094856
8 907 999151197
973 949 999012067
476 836 999696343
756 869 999708601
541 16 999535036
945 874 999026499
884 860 999336369
910 825 998878249
984 598 999333961
986 212 617497260
922 996 999118531
182 727 998912331
695 581 999165066
456 304 470805976
155 119 541601393
157 160 999794951
678 86 487156540
858 663 999198238
920 772 999788616
63 885 994899082
965 971 999967988
161 497 999605604
108 509 999916943
516 415 999678136
103 65 998951250
168 613 918625044
774 502 999477321
715 993 999756640
51 376 999744948
394 845 999768098
969 36 999300275
980 691 999202889
351 173 998989871
885 542 301545397
521 333 999329671
949 842 998933410
216 287 999958324
616 594 998915081
614 894 999881449
108 973 999215188
894 764 999222806
890 278 998931089
456 742 999818383
557 532 999826916
413 966 435844948
665 214 999529088
985 906 999436936
775 902 999636600
409 797 999077024
972 999 999594901
674 487 998834126
782 520 999303410
54 917 999580710
810 934 999442095
274 134 999105158
963 975 999088575
831 775 999506366
459 841 998875144
107 608 301545397
522 102 999915451
995 839 999659569
526 939 999041993
946 910 999694931
702 305 999268643
828 929 999133835
65 557 763226566
922 942 998948900
23 515 999150996
580 431 999682704
567 966 999860755
958 910 999050121
370 360 999277256
979 948 998868579
160 119 637695392
767 621 998808336
547 785 998903370
876 805 999531277
808 732 999297811
499 935 999866667
832 492 999606620
479 255 999470568
370 631 999289260
5 800 998986623
390 760 999625216
343 832 999721815
935 960 999438928
959 835 999422448
255 918 69795050
904 811 999021052
972 653 999872252
696 399 998857265
998 948 999350826
915 914 999456044
552 248 620663317
969 437 999796118
775 414 999059699
479 515 999305664
939 60 999612662
796 872 999098841
783 975 999223938
174 390 408288122
786 561 999819380
656 266 999238320
610 716 999373003
876 886 999245614
74 757 558085584
148 705 999666654
974 858 999385054
78 716 999867591
923 703 508233009
881 923 998940513
755 501 999194580
432 464 999165163
17 191 999669073
784 671 999819212
107 419 338009506
993 984 999036357
868 759 39579197
559 283 101983097
414 60 898213987
409 621 998953799
872 766 998886012
499 356 999422483
832 927 999615116
806 454 972015704
875 760 497418592
707 346 715525683
341 541 999760524
989 1000 998932634
200 667 241330346
841 35 999571118
950 948 999052730
64 561 998937886
222 65 999897609
734 39 999309830
815 282 999623889
594 101 315431382
655 348 998921107
277 947 999367358
932 860 999087165
601 491 999160729
885 949 999697854
865 640 998811133
447 338 999878102
741 479 998864641
541 521 999744417
565 656 999024985
654 130 999210093
471 582 999504618
263 612 837128583
631 652 999280173
989 788 999825821
917 961 999524704
237 871 503011218
777 977 998852929
275 296 999900060
350 736 999977478
883 825 999180829
752 393 999396106
398 733 998900039
545 969 999279709
937 901 999987102
656 974 999878939
370 598 117963705
920 978 999425412
787 982 597717029
989 546 752608038
402 876 999676278
47 193 999704109
9 838 999861772
987 867 998955824
902 578 999358987
987 280 999944556
175 455 999506626
807 912 999537909
909 845 999757559
937 813 998974162
631 205 999090520
732 722 998897912
835 482 998966255
522 786 999022501
777 911 999838650
781 990 999300293
829 743 966986864
552 372 23221448
357 300 999585705
581 854 999929716
970 822 999868617
751 525 999799349
330 855 999283208
905 568 999207891
121 883 69795050
22 551 999838482
626 280 999907057
112 606 999105229
613 17 87026271
948 663 999467478
947 977 998952097
726 600 999841875
473 1000 999897350
357 277 115902662
738 328 999776116
932 323 999771089
736 961 242294806
759 676 999082942
350 173 743326376
455 410 999123242
760 522 999043031
615 551 999782359
372 116 886875656
928 948 999456757
105 712 999454748
584 166 998839121
671 9 999267620
331 486 776610196
488 784 999196729
40 642 128217948
326 350 999958454
658 919 999505783
495 614 999351407
924 565 999669250
163 529 999475258
896 126 999639212
922 873 999079911
345 340 999989734
122 293 998899851
797 792 998867429
483 262 898213987
987 983 999995924
872 668 999846665
977 326 999197290
899 832 999435676
578 912 998819250
781 309 999194834
66 100 999265903
364 960 999217436
938 929 998820721
195 343 999784744
534 961 999058587
858 954 998943040
946 873 999122099
532 669 999274156
740 278 999173577
856 850 999625269
735 797 999897196
534 557 999313061
152 115 999194461
367 212 294674602
893 686 999428506
770 585 999583546
343 665 289510375
841 874 999805298
15 557 999776417
684 97 998817270
606 513 999618730
985 265 999643387
479 602 999416332
283 622 999729877
28 193 998867660
511 723 999327528
796 987 999817437
907 520 999369808
957 995 999846175
819 309 999594191
207 251 178390713
563 847 999839084
62 526 999473445
384 429 999720229
128 194 933429412
637 634 998921043
883 676 998898699
634 895 999431823
844 378 999553462
883 887 999118855
412 278 380643751
961 657 999167691
987 993 999992162
496 768 999005150
338 938 994037196
796 207 999127423
918 911 999829015
420 262 517586479
967 998 999452564
125 367 999190075
167 991 999688281
678 153 999155482
208 858 966986864
429 310 999462284
757 855 999412896
607 606 998918336
952 807 999216092
998 913 999219069
990 927 999730506
983 545 999588845
47 461 999877528
780 833 999415017
355 406 998932670
486 784 999610480
946 462 999769280
598 895 999273914
742 668 999171024
977 956 999254227
706 984 999601140
964 807 999710481
110 565 998937344
986 765 998806421
514 566 998999731
866 923 998808641
564 400 999710413
225 455 999742938
253 166 999193697
961 987 999994256
650 350 999300725
789 666 998822180
981 932 999865880
650 793 998893594
253 838 998964339
792 228 998874214
614 565 999795538
746 787 999636493
308 788 999083933
710 609 999162487
875 686 999490840
246 491 999586976
715 994 999728839
842 692 999536736
108 246 999962204
896 878 998938613
635 788 999299384
624 779 999280534
594 568 999925436
375 576 999161132
839 569 999255254
772 945 623014232
941 121 999367929
35 133 492781601
771 810 998975142
722 830 998897916
799 565 999166847
631 331 999189046
600 392 998976908
56 226 999901950
247 947 998862168
427 447 999565606
527 922 477233083
556 108 999941851
757 872 999160023
183 170 125256240
821 166 921836512
241 600 999520353
777 797 999827856
365 543 999545092
776 909 412140555
498 239 999685640
432 100 999417141
573 996 999765641
755 859 999802519
468 618 999757387
6 601 999498930
160 328 999029075
813 650 999708162
33 271 998927110
953 830 999514421
85 797 61398524
548 978 999422923
971 808 999586827
401 807 999146241
534 937 999313106
875 693 999823177
951 909 999746623
817 763 999059149
717 580 998967033
43 688 999623434
362 814 999357093
58 617 673153876
999 1000 998818295
887 517 999555529
917 947 998940186
992 857 999764566
848 988 999754399
150 795 999133481
987 950 999208904
432 371 999940246
669 619 998965304
981 339 743326376
621 395 352019717
248 994 582489604
84 397 454153021
692 174 999674000
121 162 998926670
695 847 999759943
449 457 999378513
719 603 999692624
790 516 999793820
334 35 998979676
766 511 999083806
297 905 999614106
196 826 999480176
140 487 999207485
990 542 998856731
155 219 998842562
878 329 999278408
413 566 999901703
824 25 999470635
88 642 998948572
905 626 102381467
946 820 999958648
36 814 355554770
814 80 999174363
402 632 999842175
625 777 508233009
956 983 999708975
710 434 999096370
957 952 999057400
33 989 999796145
894 873 999849166
963 808 999032270
331 181 999124784
817 731 999468495
595 249 999309170
733 3 68793997
384 69 999915842
921 484 999241993
896 995 998985315
758 253 999841456
878 268 117497587
302 571 999484348
972 879 999995392
989 896 998948746
895 661 42634965
309 208 41286988
903 762 999603166
909 808 999917974
996 853 430607396
875 624 921942878
315 371 998982527
985 998 999061265
53 179 999437868
782 70 999056387
922 143 999410221
991 815 999670829
720 866 999998468
593 881 998953875
976 997 999018773
649 316 999644784
754 626 999792776
857 299 160547891
463 670 999925001
861 23 999530584
406 371 523183416
81 323 999025892
958 738 999235902
884 615 999221472
962 807 998952744
840 933 999695029
793 876 999822213
807 732 999564067
745 882 999587629
801 869 999735960
600 556 999590968
341 329 999562637
187 305 999831059
583 395 999291934
954 770 397361062
816 893 999964308
529 363 999652133
954 225 999278385
900 65 999857363
319 783 301094132
454 89 999092604
991 996 999918781
741 709 999158985
888 898 999977427
910 406 999762263
142 635 147645090
769 550 999185853
753 988 999646934
523 434 346000939
204 684 218858084
302 57 999880915
34 579 741012109
995 918 999200204
786 923 999442504
35 311 999966871
263 564 999295296
419 813 999358678
734 922 998952509
421 319 487156540
804 387 999514738
850 944 999292864
446 865 999873054
342 922 999158136
959 920 998929461
141 708 637695392
942 551 999949898
331 410 430912012
10 281 999829618
109 904 82236894
688 928 998999867
569 599 999051724
722 463 999600927
81 531 999891024
168 520 999045334
953 51 999059341
487 572 833674275
764 983 999327094
321 340 999112939
68 864 999467655
484 152 977334776
726 243 999634860
522 829 999867333
460 964 999839129
532 995 999762307
956 861 999905951
46 859 999801550
767 719 999748270
296 757 194598233
341 4 274097521
191 400 999589744
568 672 999200745
312 927 85216805
895 139 998870240
938 754 999875744
535 654 999465273
819 927 999901231
450 424 999730712
120 308 380643751
932 963 999085529
343 368 622883972
146 649 998875777
928 784 999509753
407 612 999436263
814 754 724026407
325 95 999692596
463 433 999303987
969 850 999737476
189 742 741012109
293 198 999101341
897 705 999881497
947 343 999731007
881 750 999699737
798 596 999585847
867 699 345886980
892 885 999671092
967 323 999562839
911 917 999387683
797 905 999478334
839 980 999552438
600 589 999939534
492 148 999911821
741 48 774045246
583 753 999559269
551 231 999511165
706 643 999885657
35 126 838221363
578 543 999582919
906 578 999494307
861 511 999698465
720 508 999335582
164 64 999108591
638 930 999700277
863 322 999958458
513 911 999453508
515 688 998838954
997 857 999949566
648 565 999072882
948 997 999702091
879 814 999994801
510 981 29661627
998 212 999025662
900 890 998884567
308 820 999610921
97 680 999568254
984 472 999775655
194 916 999614663
979 944 999930559
543 514 998955693
358 47 998879453
578 722 999434365
535 52 999626767
963 317 999279886
789 661 999756990
118 757 268539253
923 988 999203068
759 392 999044472
926 912 998878144
737 809 998837933
