3625549009
3069532541
1962419931
4158764880
1633225698
1079249763
1110239046
1301004395
3379870209
719972317
2749680029
2820987896
2587660789
2695992223
3163216230
2941163402
991618344
2349124829
2085863110
369600392
3308248922
29740725
2645905276
1599145438
3389256022
2772958030
433871524
3534936684
3332885670
3871524567
1663268649
2732606815
2543053932
3272480120
2605801522
287927133
1191419909
2082480857
2828673372
2966368834
2591837166
3985369711
490853488
3063615589
1896521875
273605889
2448450613
3442148741
1319708664
2979949546
1510522958
3806434805
3824977701
615753143
3748123895
2582415318
1633760233
79316795
4039961033
3835187560
3526254962
1693434097
3761044015
4232748289
460398526
2457848996
1413151387
3241680359
1531226151
404468267
3616854192
1328940373
3327466846
2850645510
1027978533
2932924715
1288856575
2781538293
1115776712
2595626567
3256336947
3921464955
941155549
2851081289
1316037184
4206848732
1774456984
596162267
549489506
6466663
1461421571
919899593
3124010755
3710130903
1764709764
3474552513
900249822
603180847
1017698817
3526177286
180020619
3151036533
1318209804
180002898
1505566093
1263150519
391436018
1333990285
1283928176
1352339483
820245590
551587712
1856177512
3034650661
4158086356
240162008
2350168513
366534675
1882818781
3812056950
2718847151
287519784
1689706315
2068995215
1811820802
283653832
3882314507
857234625
3655734984
4104167198
2729003214
2330695691
1801900535
3746767620
4063422307
1246778315
4280341757
1158025952
1661470289
3108407705
2307491672
17927461
250953874
1244644690
2661006345
1294015507
3072646422
3471175565
2255173254
2204685423
2570225527
2024379368
485485544
3773693251
1276893789
2565292165
473704921
2117243431
1992303041
1823424778
135600353
1608442939
2751776349
3048433236
3305398048
3757069121
1347460697
402841629
73954613
2381619452
171328267
3653003322
2443963038
436014562
3787823078
1153693721
320534129
260148708
3246835781
224213460
3607407243
3594084486
4148950203
2025509636
909673602
2022345214
4159094381
3251859443
2273571305
1119047087
2036998043
3728530939
2113184900
1447792677
785632435
548879327
4120203579
368096654
2378435853
2910142553
3272276243
3146497037
3067518666
2937798166
1345195143
3300779411
2159991682
4005854816
1513840536
2924113529
2630334720
267335697
1449993252
917671634
3442487379
2307764288
3115594025
3261512314
450333295
396527479
3594277082
506400334
3045503574
2901880731
2156428415
1494633186
3626477108
2598140201
4165883201
1358326967
1596719940
1350597659
2092744895
3825775679
1427065390
3819657040
3907260608
3130419001
3695125669
3433031437
1568607012
1415215329
2424706895
1238999934
1273660361
1162683782
312037338
184650719
3078413549
1199409230
3091617653
2474268423
1142927537
2311464343
534374519
2981330135
2703048813
2037414755
3694358258
2285032993
2434232004
1596391326
3925992027
3971068736
2930681441
966283502
1533999220
144323672
323587518
1385668110
3057377284
2760986033
3697370329
2193232599
597080857
3981347532
3461711337
2469696595
3638967110
54181122
625606354
79999847
3496323250
2759951110
2674214842
891245754
765046850
3311339682
1424343471
275647204
178753297
3337483680
1996496356
1584600055
2658594821
3928017428
3342871472
794670288
3521949492
3053552461
3073865682
2243879665
3030572085
1090713602
2413880797
2181536113
1782249488
655364979
2742325687
3628527915
3793228375
1965302087
2262775407
4081617704
4064338784
1153495096
999403141
2500950440
3935925098
3947790502
3497794067
3248335106
177718679
3611414950
748501636
2158841458
1386481828
2748609285
1613076016
167838159
3401173969
112596546
3666546167
1369276993
492598393
1533536580
2971377757
3640241422
997682768
95814572
1034117810
1752401609
2645972482
2679903835
979947732
3906626306
3411209070
4088335749
21065556
3143289388
511977122
1024671180
3341620010
4144789751
3601815744
3176332830
3304449011
1237703036
908333558
2669126849
294655368
93232256
2749594347
830560251
757357812
3251964292
2904642217
2673939716
2970668093
1373233075
2722199247
3568831289
1003411287
2193715392
2899515848
1589969769
1581245940
1543475156
1947709978
2737006187
2656621220
3216904193
4118883850
145041060
672022872
188891595
3541257538
1418662233
1529692924
729314161
2987087152
1102169599
3712591687
2359375519
630962779
1274751754
327691051
3305986172
2791630698
2783863288
1849184777
2161022218
872349771
2676164751
1528640651
1778252172
98343486
2504945169
3803895983
1836715011
404400725
2060453158
3786551164
3709057275
2479372298
2089603261
4180216763
3873380021
4013398776
3933480822
2560322286
273500520
3779720468
3819323443
3002661744
1622936249
2273938352
1665642847
1886611019
3002283226
348111327
1738802424
1555224752
3924817476
3274621913
3871300364
1473665181
3014508839
3659228057
1069538071
543657205
2571273570
517076989
459567657
3169133032
1323430520
1052202840
3981223273
3957189606
3130576853
2240610426
2794758615
2301479420
2765895690
2343803586
1566958382
831771666
3638996318
3935743883
934483543
396962012
3528569782
586712361
2395434907
499659130
4259731245
123368877
3013026655
384890350
1223214370
737247663
2681379636
586001401
773619008
1241943496
1695445759
3980710562
1306450637
3019530349
3259670418
2365254013
4187626932
3897611522
144889861
1149715566
3513359408
3549419413
968268091
890052736
4025486612
3093557411
176247882
1452925118
2572332301
2397542546
126338019
2505512250
2619551476
860793029
2935641949
3113617052
4143036791
550003465
900908020
2255867059
3020815261
4244187465
1495583084
694819981
1073933826
1760404294
599521253
2667920670
1341490589
513707210
2221630519
297670319
1000976633
3636523425
3160058322
2972153897
1008189873
3793273497
271779968
528586622
936258645
750811316
3863173670
2752350202
1726195567
761563414
1732753803
2903904285
3360053765
1986426344
568043998
1006836981
2704552991
70751587
1498762193
3077172860
3327955360
1662157496
658936590
4082461043
3993626535
280119969
4150268188
1494268572
2984062374
2707266253
3453650374
1392843498
699625732
2787809069
85084412
429079362
3449349350
1604071571
466552455
1576244747
3157214850
4286041332
2772050069
3428255730
1081196542
2921348417
1204271808
1840397011
3069705107
3851480839
736734583
1157350523
2336296203
840102844
3857573267
1575180408
366759130
3818388204
3576230223
1861869277
2221880644
935466703
2361503149
43525670
208577922
1429280835
1825429960
2810401809
2974826128
2967940874
1851992449
2271359757
518621564
3673014717
4187866018
380571670
1869516402
3275088901
2847185014
48629962
1659950478
375629581
1548027113
2690848535
828480346
287873365
1821547395
1947932016
2059412859
1442950439
2566463343
4241655387
3152405303
83243994
3356856380
676950439
1878711844
2655185855
1234848765
3669267414
593999254
1958460989
1282169136
2371862536
993232013
2795198776
3131147253
514056874
3002075822
3060883070
3767028544
595439894
3381155280
3862976106
2411775180
4176702769
3538875082
72787362
486284376
4229345876
188070492
3316177657
3272660605
77671681
3219857031
2819320613
3922212760
100892724
1943661337
192232807
2923979547
2292310916
2939534182
3310155758
456718429
697322527
2272690142
1383586759
2377803088
2554754511
2201640872
416350886
2256139079
1247716308
236724801
1804588403
2985506801
3255202547
1528952549
3961046353
3723867909
3030363745
539877329
3600341299
1206533839
1217459347
3125830355
4243880848
2494764803
2291392538
1334951351
1206719842
3023078342
3989104954
1270476754
3513408040
2740703697
1847562545
535653807
2834230732
1286247056
2160422522
556445330
3123698484
817396441
302737572
3816584118
2665872374
703288532
4012518286
2052465384
2108641314
4179482150
574471743
289406008
2393354995
3405714706
3818805381
2543376324
358132775
2484908072
4281870610
76249846
2154708794
2832329721
4262820386
3650145201
1708349844
2395419706
2364066307
3645135462
4239425320
1446832763
2364128710
279291243
3332764797
2839216070
2714095176
168520170
1736293240
3107320770
3846346201
3765685212
2889931753
2240383189
1668225303
2022080396
1629825197
118777720
624465116
4174277623
420265075
565574386
3081769935
896184440
3392643492
1736377601
873981512
3360642533
2741106910
1145129183
3253947713
697159893
3937437698
911052669
2180915392
1178170047
1831005821
3953203562
1500329951
3994783031
501253428
3550722304
176594947
1627669624
3604404125
4033916644
1251623420
954071524
2248366149
1030897981
3442953531
255894601
1885767356
1135697565
2433240678
2142649626
420228781
158084763
1526183561
818628004
3788502171
2175445310
385276635
2218717596
1259810404
2843452505
2961027009
4126371706
3356080350
2167015290
3642510700
2957356754
1897835804
2866860413
1529741419
3140840101
1572731263
3249246644
3006599261
4043137884
2938202785
3818175881
198746591
1242011957
655898271
3914412024
3173568690
4020503580
466839146
2892894358
3740622693
1035175818
2943571028
4202644178
103762205
2204606889
1935351551
1416130857
373682094
2366168698
53741962
2687227990
3915546438
1856236319
3122313020
994192357
4264878248
2201510788
2861341370
3258858434
556478516
3077211860
4060646425
3453434709
3363050985
1767052277
634913983
882655139
2417800312
2027162486
1342304950
1289615909
1624366341
1651963625
3692610894
3237449256
1904235509
2760030756
150656787
1369871903
909463104
1566862400
2393871915
2264125302
3804968318
1736293579
2142484435
1445569919
1936472743
2217769706
4218895220
890059258
188002183
685567671
3215948097
3977744973
2418132730
207930749
3840376527
150785862
2119411297
2495283643
1767288666
2706293237
2563484590
1065584602
896393551
1072342922
4207472966
2243049134
2014799497
1597907453
2047476074
364832721
2405330326
1892383113
534018007
683503658
66180250
2144940803
3456240282
3528490305
2844165862
680617151
3782682693
4057019284
1057507324
3138371314
3413462401
4188765385
921439592
3795600888
2478895445
293897817
3071219254
1147231191
2184620585
1084052837
4130886398
3539675454
3361854875
1705500103
3226013656
1402902339
4010077024
324652269
3391634231
980375008
1952501962
3577555422
86271185
3629634300
1006212241
59642923
571467717
1861960104
163815157
2145964341
1130704234
3269820988
3816241918
2484756541
95546383
172334367
2406020741
2850112952
1641244822
3663666546
1109457962
3674864645
3076413737
2367713513
1399151870
2439302048
3682933656
3787850073
1209859420
384920318
1197959836
1036352209
2255201782
3616960846
3598758431
790562068
564961680
1024788668
2904116295
4180766728
3173080336
3554517057
452640297
1599132789
3308817353
3785923760
3479762420
4101496360
3980136209
3035906585
3198884866
2583948833
3137592607
3601990541
1557751781
3265876695
1087641689
1039929612
1334814528
2109782698
316379023
2063441902
2624529783
3398473380
2225832291
941586171
763368614
701123944
3906948158
3504179074
3710785229
3183285496
3002844197
4045836743
3581648237
1600754715
1295418863
3554666828
438630020
139685078
