261 49 8 492 1157
83 354
211 78
228 183
81 91
261 439
77 215
74 311
487 397
347 4
4 423
481 248
30 341
437 9
429 29
199 83
160 13
445 281
90 229
219 479
384 448
24 466
278 93
353 461
359 117
247 187
122 258
357 415
270 441
7 30
337 123
95 368
186 472
214 243
8 369
133 281
233 364
341 372
31 187
345 16
68 46
182 11
231 105
329 248
236 468
11 175
166 196
83 447
463 87
118 193
142 367
91 50
312 376
433 476
210 411
27 46
300 217
42 320
15 367
145 259
70 176
436 90
235 318
392 29
183 407
92 136
475 456
377 452
18 464
320 385
441 455
356 197
484 342
432 411
272 405
274 268
424 86
290 98
356 5
82 178
472 153
25 101
87 158
121 304
87 150
170 453
9 419
371 342
204 353
220 491
115 17
112 170
21 179
354 406
103 20
10 188
14 299
397 5
222 255
272 21
455 241
16 133
156 212
377 404
440 250
461 376
454 304
330 454
149 373
349 27
480 236
177 126
201 45
395 35
470 289
353 10
128 88
184 33
212 393
312 180
238 408
82 299
372 42
302 350
27 471
424 273
204 249
428 433
392 407
161 200
484 48
398 258
332 157
41 375
306 45
203 447
354 65
294 301
448 305
84 7
385 30
199 354
21 473
142 185
241 202
420 443
203 132
292 302
436 11
372 467
265 138
135 52
11 466
270 313
397 356
50 393
382 231
387 271
220 333
453 161
92 473
217 376
3 472
154 28
195 355
363 313
94 49
128 62
192 409
69 73
15 185
155 123
56 433
468 480
178 450
366 290
46 333
472 5
358 65
433 450
62 7
115 367
392 183
325 225
155 12
293 239
264 55
226 242
106 394
31 54
76 125
19 426
245 446
121 296
240 48
190 313
48 469
287 260
418 345
111 259
213 194
479 231
430 402
4 464
134 14
136 19
238 119
67 108
198 99
152 38
119 168
147 267
260 167
160 55
70 283
152 222
186 478
402 59
407 375
263 257
421 270
318 145
17 15
193 137
414 273
473 374
423 98
392 375
142 240
13 283
430 137
404 288
281 43
285 252
361 77
472 356
204 485
397 251
438 39
361 32
240 469
351 158
108 143
255 208
214 285
227 246
88 408
475 78
96 27
423 18
51 216
399 87
272 462
285 230
249 312
140 47
110 201
105 319
480 298
74 291
270 363
68 96
285 350
61 144
439 249
460 315
223 216
57 166
57 196
298 394
465 297
164 349
323 303
266 205
362 404
127 120
91 79
439 485
76 94
459 79
174 165
98 347
423 464
276 61
112 475
190 432
293 425
3 197
379 451
267 191
418 148
479 362
389 411
368 6
249 217
319 231
360 439
33 386
238 128
414 119
111 145
290 207
359 252
469 191
110 324
293 253
66 305
81 156
444 225
394 236
403 57
65 406
414 238
469 185
452 288
440 379
218 12
9 396
59 139
217 360
341 128
359 292
415 111
189 47
146 161
196 403
252 117
436 466
363 432
312 485
430 232
267 469
385 42
333 232
304 194
80 396
136 426
479 319
421 455
428 470
56 470
63 49
113 239
185 240
107 120
30 84
418 75
85 47
109 169
358 269
110 45
463 144
12 337
213 332
240 115
184 446
188 242
56 114
239 147
262 490
233 328
407 429
270 455
271 409
449 95
489 247
83 203
384 477
414 62
440 451
253 488
346 176
202 39
376 439
234 201
351 61
97 152
416 260
408 414
55 346
221 337
229 231
210 389
462 210
297 326
235 208
390 215
166 39
474 317
199 203
426 155
140 6
279 43
307 360
118 109
298 468
460 236
303 151
214 248
350 359
485 461
33 132
106 315
157 357
476 56
436 175
429 168
367 240
44 104
128 414
327 443
482 338
88 414
29 228
204 307
176 314
395 93
355 23
221 123
78 420
68 72
478 3
187 54
258 149
375 29
435 378
250 206
137 402
320 341
157 458
128 30
182 436
343 395
429 424
322 387
490 470
127 297
345 445
398 209
428 114
214 252
349 326
428 476
259 415
238 168
157 259
405 462
217 461
449 445
249 485
26 100
434 283
272 179
391 224
184 457
469 484
103 331
380 486
217 307
242 10
286 347
420 327
321 124
168 424
41 277
269 131
90 105
337 310
132 71
185 48
230 248
409 383
153 197
204 217
366 126
437 80
313 441
192 271
477 305
344 165
230 329
189 35
327 78
402 193
139 333
452 404
290 4
420 308
460 306
484 191
164 465
474 352
488 113
276 150
205 413
421 202
153 356
22 40
220 471
344 416
182 24
314 434
399 351
375 183
317 352
480 99
45 315
160 346
366 286
417 359
88 273
68 27
182 442
476 178
66 209
363 389
10 226
488 107
415 235
129 181
311 348
209 149
350 252
93 1
334 338
295 146
486 298
461 249
199 132
340 123
113 107
34 188
144 351
35 343
349 96
112 282
236 106
362 219
275 66
36 264
253 342
238 84
487 5
119 273
308 327
146 101
251 5
307 353
56 289
382 479
122 284
218 19
375 424
124 266
239 342
243 252
392 41
398 122
376 249
350 117
140 95
253 371
373 66
447 386
142 48
393 81
134 25
84 414
31 247
71 457
351 276
107 100
472 197
192 383
441 190
428 56
13 55
133 345
209 448
112 401
288 196
188 226
392 228
276 158
89 180
46 471
269 55
132 386
431 116
486 99
280 167
181 316
329 97
38 97
243 117
59 137
342 267
487 245
83 65
161 301
241 237
37 141
485 217
172 22
26 120
202 237
308 443
131 358
131 36
198 308
341 42
288 403
456 112
282 456
102 93
458 304
3 186
186 284
344 64
394 460
343 102
7 42
58 392
447 354
357 111
197 251
153 5
38 329
458 332
4 286
221 310
373 384
179 462
381 2
290 286
330 324
87 144
241 421
307 300
488 239
236 298
127 326
468 394
364 322
331 143
68 471
427 14
183 86
170 456
16 445
331 108
275 340
175 90
53 303
455 202
302 417
241 270
119 407
81 169
310 123
154 138
370 286
408 62
487 44
88 238
162 159
307 376
248 285
191 48
204 360
481 329
212 91
221 275
11 90
229 175
442 90
187 489
318 415
477 275
40 23
407 424
299 427
148 75
150 34
182 459
228 277
422 348
228 375
29 86
109 193
426 218
351 150
296 201
47 35
377 196
332 111
399 400
489 265
87 351
297 164
143 103
118 81
180 439
67 339
121 194
424 183
342 147
104 446
131 65
124 254
454 296
190 389
400 242
117 285
320 7
445 133
34 400
197 5
121 330
418 17
434 176
449 43
208 318
275 384
24 79
357 145
426 12
28 388
458 194
402 109
463 351
152 208
164 127
42 467
129 339
463 61
465 326
273 407
207 98
435 391
292 434
465 100
464 207
191 142
473 179
171 365
477 448
219 452
282 211
270 190
470 262
96 471
162 328
273 238
96 297
320 30
43 6
160 176
340 305
243 350
438 166
306 110
199 447
3 284
386 71
416 64
463 158
172 431
295 134
127 100
370 126
407 29
249 360
250 451
135 53
378 28
360 261
289 428
430 59
6 95
490 289
79 156
380 99
334 278
132 447
260 64
136 374
317 256
193 169
333 491
399 61
92 21
230 214
429 183
180 177
219 382
83 406
395 85
59 232
427 178
80 125
237 438
491 46
217 353
4 207
185 367
347 207
255 97
281 449
157 111
182 466
158 150
490 144
400 150
213 458
360 312
313 421
410 223
75 133
54 335
343 85
234 110
390 323
34 276
466 442
57 438
72 333
398 149
491 72
200 294
478 258
287 64
26 113
212 459
160 70
316 129
276 400
367 48
72 220
401 456
38 481
7 128
445 43
256 244
380 198
340 310
344 287
6 279
139 430
212 24
279 449
324 201
383 130
180 126
313 241
206 422
142 15
315 306
71 33
403 166
110 315
89 370
234 306
15 148
366 370
171 444
388 138
251 487
492 183
26 488
54 325
421 237
362 452
382 319
205 321
189 368
448 373
335 225
367 469
164 96
425 120
245 397
463 262
58 492
406 131
41 183
60 352
349 471
194 454
228 18
443 380
41 58
362 382
66 448
177 261
211 475
262 289
44 397
305 221
414 168
163 268
263 173
211 327
25 295
408 30
39 237
275 305
302 359
115 185
18 41
269 36
264 70
84 128
210 405
345 75
212 79
310 275
425 26
154 378
301 146
375 492
488 425
482 309
377 403
220 68
285 243
358 36
478 122
450 427
102 278
316 339
462 411
330 296
341 408
29 183
91 156
264 13
214 350
347 464
299 134
374 21
209 384
204 376
418 16
30 62
326 96
491 139
450 114
295 301
492 41
13 346
109 137
170 200
300 226
197 186
381 483
25 14
37 63
243 230
104 184
203 386
18 277
85 189
489 31
91 393
113 293
95 279
301 101
290 347
17 148
51 73
439 177
127 465
249 307
214 117
341 7
386 199
84 408
405 411
302 117
273 168
349 297
234 315
492 277
47 368
404 219
468 460
299 25
455 313
245 104
181 336
433 114
353 226
106 468
459 466
438 202
19 374
16 75
376 261
372 385
480 394
57 39
50 81
41 29
121 454
407 168
66 384
282 78
248 243
265 247
346 283
139 232
198 486
255 38
115 15
307 485
69 141
251 153
136 218
88 84
283 314
101 295
44 446
150 61
320 467
378 388
300 461
237 455
418 133
178 114
8 379
396 437
477 373
320 372
334 1
485 360
401 200
87 276
120 465
58 375
457 104
283 160
142 469
142 115
174 361
71 184
177 89
261 485
168 88
427 82
159 52
304 213
484 371
330 201
392 429
222 208
257 413
160 264
175 105
487 356
30 372
140 189
384 305
425 100
178 433
267 371
227 336
58 228
296 324
7 408
45 324
464 277
84 341
419 60
305 310
66 477
215 32
256 474
405 179
273 429
476 114
232 491
393 156
138 28
14 82
118 50
93 343
58 277
298 99
155 337
374 92
173 20
61 87
153 186
113 425
6 449
207 286
373 398
147 253
318 222
367 191
55 36
211 420
244 116
274 412
119 88
371 239
423 207
261 249
86 407
471 72
259 332
363 190
89 126
424 392
293 107
269 264
198 443
72 27
130 309
224 410
102 395
375 429
385 467
157 213
164 326
292 314
209 477
429 119
492 392
246 195
24 459
234 324
276 399
156 50
140 368
429 86
140 279
220 27
191 240
291 254
122 149
163 369
19 92
46 72
128 408
357 332
365 280
86 492
46 220
423 277
284 478
29 58
406 358
412 483
417 434
325 335
266 321
