886 114 936 2571 3206
1246 770
281 1461
943 793
2115 619
1975 542
15 760
1544 2343
866 2417
1019 1029
1898 1518
1606 224
740 2061
2568 1969
73 631
326 1667
2459 341
2201 693
2287 559
2232 1107
1447 814
2049 2407
1140 2123
2178 2469
1179 2084
283 2204
186 353
541 560
49 2545
261 1908
1004 493
708 1296
1713 1831
868 258
1918 1058
1642 218
507 294
2400 1301
1997 138
1733 1127
296 465
1964 2144
297 655
212 564
1127 1624
1604 2145
1397 1935
411 190
639 573
868 183
1681 2548
988 464
685 534
163 2274
1786 1168
1594 234
644 2323
423 1238
2485 1315
1884 565
1258 1948
184 1548
2487 2140
2071 2089
481 1779
49 1169
1598 578
2014 1519
1543 1320
1683 1056
863 1364
2102 1973
1693 861
1456 2481
441 1847
1924 1271
461 1954
356 2461
2523 1643
655 318
1047 2499
2228 922
177 807
2432 1319
1008 2425
1160 1888
1293 1201
907 2272
19 413
91 2072
1784 1173
124 467
994 925
627 1000
183 154
1724 1665
674 1369
1426 2153
1600 2482
44 2499
1802 234
2215 2569
1741 755
1512 157
1981 2375
1780 311
460 1179
570 1927
78 2007
2251 1512
1630 978
121 532
1260 936
1909 2165
958 635
1612 1520
119 893
112 1772
977 604
145 895
2494 2060
1612 1515
764 796
2213 2494
1427 836
1592 1001
543 217
1227 2184
1351 2518
528 421
1066 1094
1098 198
788 74
2530 1841
121 2026
1869 742
2495 355
1503 362
2169 1247
2527 961
632 1218
1974 2269
2082 569
1951 827
174 700
2008 2482
1035 2191
1224 2238
1823 165
1280 1386
1980 2348
354 382
874 711
2557 2289
144 206
214 2255
124 1408
1291 97
1363 2045
210 1661
2089 2424
760 2331
568 2535
1535 520
37 385
420 2186
1433 2281
2232 1039
2234 393
2063 1920
1810 1888
820 2150
1965 590
1982 685
2098 1186
132 2283
2080 1863
907 1589
1017 1823
1227 1279
1062 1331
1759 1207
496 1180
2311 919
680 2218
1608 1675
2412 1989
201 559
2415 582
1833 2373
1020 449
2553 1642
1369 1542
2321 697
1320 1509
1007 1611
2177 1394
260 771
890 104
1442 394
2361 1225
1040 830
2265 1892
477 446
959 1145
334 1892
1086 1073
436 2189
565 1471
1321 717
699 1092
1085 1119
2395 2570
1893 172
950 87
902 2145
756 310
2422 1354
2109 406
1727 921
1306 772
84 2298
1543 2544
1239 1051
2051 997
2255 1887
711 2549
89 1657
2568 1921
2440 1550
2219 586
1131 809
2152 20
598 1530
332 717
1415 489
894 51
1769 577
2195 342
1714 815
135 1051
855 1296
573 2546
1333 690
1970 1153
2391 1014
1754 763
1533 1565
1498 1641
223 556
1409 1202
1459 472
167 1400
549 817
1917 1442
716 132
1975 357
2535 24
305 446
876 1012
1799 1801
2550 1383
1862 1144
1392 972
1054 1955
1413 516
2198 1176
1203 787
1628 2351
1251 1591
404 886
851 644
881 936
562 758
37 2083
2398 113
1926 2242
2454 805
1624 1632
904 1343
390 1629
1939 363
405 535
1079 1697
1683 116
82 74
473 1024
1617 2017
292 1788
29 1921
1581 750
318 533
2202 544
929 960
1246 2506
2190 2169
703 1521
1923 1919
589 752
1629 1704
1912 1493
2293 68
2284 445
480 917
1237 162
1817 1682
2360 108
1528 1324
1424 1012
1684 1611
160 1487
1928 423
1165 398
417 1413
2467 210
456 1269
2566 1761
2421 41
2024 1801
2118 2015
2199 9
1256 2246
1694 369
1521 1276
245 694
2309 2030
2380 2385
898 1558
452 2218
1090 540
2374 577
836 1992
1405 1934
122 878
1099 1529
1281 1053
1430 2360
1972 879
1857 472
791 44
505 309
2061 711
725 1930
2136 2467
1792 1705
1955 510
597 1606
48 2451
1240 1188
974 699
1118 102
573 2048
1851 509
967 1788
1556 356
2334 2468
15 2477
366 1261
1411 1684
853 1046
2557 2280
1101 515
1907 1917
2180 460
665 2296
310 1694
913 2404
1787 1908
858 1264
1581 276
2288 952
779 108
721 960
2343 387
786 156
1663 358
888 2516
141 20
1286 1147
2166 1558
1317 1025
712 2571
633 1778
1096 1954
1435 884
1823 546
131 2275
2286 1627
2029 697
689 568
2370 626
230 1398
828 2060
1 67
1896 1335
1992 2453
25 1111
1315 1934
1007 1396
1725 2003
372 330
2256 1478
1289 278
733 1560
170 2364
1529 2562
1648 929
2567 284
25 2359
2471 763
2319 2361
1503 449
1620 653
353 1627
2102 491
1587 2373
1582 2463
996 2335
1662 1219
2553 231
1330 585
2409 298
24 2161
2156 536
1605 588
843 625
752 2352
1562 365
1052 259
906 2267
1822 2499
1016 485
1764 2101
2222 2197
1741 410
693 1033
711 2567
1377 2464
2187 581
579 1196
1855 1346
1697 1759
2457 404
2501 1168
2143 2462
821 1485
2102 308
2118 2484
1036 2363
1978 1185
434 2163
2533 744
1038 1393
1567 2426
1216 24
2565 1360
1845 412
2181 1659
245 2141
149 125
1644 497
617 1441
1110 2295
244 64
383 2538
2112 125
1090 1554
811 1378
2350 380
1588 136
55 757
1897 911
2236 233
1706 341
446 1957
19 2456
1831 272
1755 263
749 2007
1183 1498
83 1934
211 2430
479 85
124 2486
1326 1853
768 1024
2504 592
790 1770
2225 217
156 1474
2285 348
1868 1406
641 1036
2237 552
453 960
522 713
975 1074
1533 2392
307 1876
2261 1911
214 2179
615 926
1763 1884
2167 1341
798 116
752 1904
2467 240
1103 349
419 576
1795 2086
1806 1134
642 1925
1104 1314
846 1769
1530 587
1086 800
1716 1356
711 805
887 139
1164 1494
187 1754
111 864
1619 1553
1666 1185
2447 2278
106 1128
1749 333
580 557
134 427
132 2121
1698 1953
158 1411
1068 2235
1529 123
142 622
238 1449
2233 757
1958 1623
621 275
2438 1995
2261 1389
1584 1973
2096 2306
1865 2254
530 2521
2122 869
883 565
1885 723
2187 1003
557 2011
1475 2440
310 1530
1002 1402
1155 710
2378 1824
1945 876
1988 895
1007 2091
151 1636
1524 1813
358 1513
987 2399
371 2106
1215 431
1899 1773
613 2165
1059 323
2172 1366
1288 2427
2384 2408
4 2491
2381 2057
1634 2315
784 1460
1928 962
736 815
2321 664
456 2061
538 631
1507 217
943 1685
845 1830
2469 2273
1231 1943
2451 530
1856 2401
927 739
1816 1765
138 2242
1758 381
1731 236
1837 1354
488 1322
1650 1581
754 1957
832 44
727 1295
914 325
570 2013
1349 2041
2419 1170
2166 1318
1221 432
2125 1979
970 56
2464 2294
1871 1721
1273 524
1892 189
1703 458
60 1782
1432 1797
1640 1564
2043 1273
858 1171
387 69
1417 44
1176 2460
832 942
2158 1944
2128 280
2073 1664
781 1870
2000 1653
1064 1580
745 1109
2322 2316
101 1844
1196 407
662 605
1078 1787
1856 2484
317 1779
991 1570
2524 1068
1380 1489
2518 640
1238 930
222 70
169 2308
1468 2008
690 462
398 912
1877 2014
870 2087
2303 1607
1090 139
412 228
1552 662
1742 1345
1285 2413
258 1538
125 1510
1773 567
334 998
28 1102
935 637
2353 450
802 590
2258 1413
401 745
143 111
1988 1682
2202 1631
2519 1290
1850 1060
1845 138
247 1581
1137 1464
1567 2329
1085 395
1616 2189
242 238
1601 1538
824 2183
651 380
1060 2461
2215 204
889 2006
2253 484
22 2146
781 825
1473 2193
169 207
2303 1707
805 2567
1639 1275
1863 524
2392 992
233 1853
616 2454
2122 700
1875 559
792 110
97 1112
2437 778
827 1126
1776 1629
521 116
900 1831
1455 1291
962 1504
1382 1017
2175 2376
159 766
2546 2048
2053 719
871 1866
306 208
1170 686
1786 2052
2483 2097
45 1399
342 374
347 2199
2135 445
727 2172
2489 1818
2349 2536
1129 290
1614 1482
944 2170
1498 2558
1666 1978
1726 2406
2413 940
2496 1103
1942 2519
26 200
1450 833
2111 1803
1118 1206
843 737
571 2044
345 2134
2193 517
1153 717
808 2019
1259 2334
1408 1555
1942 1450
1175 1976
1078 1142
1969 468
671 815
766 2009
1156 45
457 1441
1939 932
2270 166
1583 819
1582 2525
705 1502
2243 950
1547 2316
1407 1416
1136 1294
1929 2383
50 131
1530 529
2528 1352
1586 571
970 663
1557 1966
1753 431
1874 145
397 2311
1324 737
1264 96
1910 2097
1710 735
2387 1555
507 2425
2016 1382
639 1585
1905 2327
771 346
710 690
804 1117
296 2032
713 68
1079 899
107 694
673 278
623 1823
1852 614
2192 586
1891 1845
940 724
2108 66
1051 2545
1881 2183
2395 1774
2007 911
1434 1760
615 1465
438 1437
364 982
1371 153
1656 1676
2223 2273
2373 1421
2526 2042
1015 1961
657 927
1525 879
831 2316
415 2297
2048 160
617 856
98 444
1153 1968
2206 731
2173 123
2408 885
315 1824
616 764
1137 2170
2345 561
1818 141
2120 1348
1460 969
1385 542
1925 1926
97 396
1223 370
2423 366
170 2281
969 2077
2139 2277
252 1527
651 1467
1821 153
1327 32
2367 852
416 1731
1673 1635
2369 2271
567 1791
165 1332
1691 2320
1242 1276
360 1967
1568 1173
1536 671
2489 373
2332 1152
2312 1022
2209 1671
210 1080
500 1505
99 1258
2055 830
1934 934
2279 301
1846 633
936 914
1284 2104
1739 2036
627 319
1433 1765
38 382
2536 1957
1662 2522
2511 2527
408 1304
1023 1391
1307 14
618 1284
176 1011
2268 1826
1163 2262
1729 2078
2211 1450
980 687
797 1963
987 2319
2389 2031
2551 1936
1538 291
1875 1518
2171 2434
1251 991
1855 1751
2353 984
52 1720
952 2239
935 2538
323 2452
956 1207
1912 970
1931 1434
2237 1270
638 249
2405 1449
2385 1958
1245 36
2515 2450
774 1897
1352 1019
1280 612
2450 555
2210 215
1621 1515
270 674
1940 1579
2135 440
569 888
161 241
1940 592
2100 322
2512 897
710 273
173 273
788 1954
2001 2411
1865 1860
1606 1122
2273 908
773 47
2126 69
499 2312
163 495
209 1333
1927 1205
2416 537
1388 1018
2200 1144
392 1002
1734 1283
662 1119
2388 843
9 2510
531 1508
2473 293
3 721
454 373
2178 2304
1479 1708
2428 951
1217 1156
2448 342
1417 1471
818 2396
584 2440
2425 601
1719 1194
1598 1005
594 2396
381 1349
195 1346
2313 469
849 2378
1265 1252
1272 2043
264 361
1775 1958
1781 1392
2247 389
1822 309
1193 162
1740 1321
1256 2153
346 290
1811 1456
2070 1669
448 1482
390 1218
96 2406
965 2142
1072 942
2360 122
390 596
31 1273
830 1856
1175 2081
2335 54
2397 327
1718 315
2238 375
2478 145
1924 1444
11 1851
2383 1579
1159 1821
319 1350
319 140
2424 239
1405 2552
303 1675
210 1334
2534 288
641 1213
1959 2274
96 1726
1476 101
1256 2352
1279 1376
514 544
415 1233
1472 743
1872 957
1309 37
2309 18
1323 1044
2014 1810
1596 767
936 1361
656 759
641 672
2184 266
923 118
2135 1570
130 641
2105 858
1038 2132
400 1644
746 2405
2313 329
920 2254
1361 325
2482 1102
1314 166
1815 1136
2221 236
610 2500
1237 2114
1096 1083
300 2164
1270 1762
1496 377
1832 896
1155 1333
1855 660
338 1205
2433 825
465 1160
1666 1003
583 2004
2289 2112
2532 577
1628 1011
363 2412
2291 1120
1903 1619
1400 250
1766 295
345 1025
242 988
192 714
2268 2485
934 728
2144 77
439 1762
1206 1818
2127 2522
100 1131
662 1017
1383 1971
376 1050
648 85
2421 1776
1503 2340
1870 848
1300 2358
161 1390
789 1585
1453 1162
274 1917
563 688
693 2206
1566 422
76 2310
377 2227
235 1358
2162 37
216 1977
1042 246
2302 1563
602 2537
1399 201
570 1056
1535 987
422 1241
932 1994
2173 42
1837 1257
765 1805
2126 971
2405 1473
1789 2255
74 1455
1679 1794
921 1010
1614 409
1563 1359
2242 220
275 879
108 1452
1347 356
2028 2235
114 1747
656 1948
810 2490
371 572
2294 1938
1230 1259
1955 2377
569 1013
1053 675
880 1001
32 715
561 23
1523 648
838 1786
2421 1218
1952 2070
2253 715
667 601
1348 1645
313 2100
811 2317
232 883
1462 154
1852 1863
686 749
873 2006
988 746
629 1628
24 874
739 1829
1750 2053
570 2012
2094 1497
2438 134
829 1500
1670 2491
2274 622
1329 1185
282 2259
399 2401
890 353
447 676
16 1743
1137 301
2303 785
2216 1313
1216 284
1316 1479
2298 206
2087 1336
1177 377
2024 1340
588 2418
1147 2522
1758 488
823 990
2038 2227
1041 945
379 2032
790 2193
1859 453
225 2028
757 1010
173 2421
495 142
1061 1440
469 2561
293 1049
1310 70
424 357
933 589
1670 76
2310 2239
1470 1169
367 1703
18 405
1965 2363
1334 1295
2120 293
1129 226
546 134
1462 2527
2138 2148
431 409
273 1629
209 596
2236 190
1900 2033
414 231
1790 1523
431 919
638 900
2487 1991
1526 2546
2090 268
1177 641
1454 1497
2225 2059
905 532
286 2474
1193 1842
1489 1660
1741 1200
1072 1275
1147 1123
1564 1082
1727 2206
262 2434
151 1796
2554 1797
2062 1746
2226 2117
1386 114
1158 1412
1022 1276
1889 1688
1019 1070
2370 610
2324 1843
893 875
39 1474
973 958
1535 781
1128 2333
1125 1095
734 1351
2379 2132
194 435
105 1814
1113 2347
325 2249
720 1133
1376 178
1654 463
1980 2039
218 1649
551 709
2376 172
971 2018
46 1182
862 2241
1108 2496
1159 1725
995 1356
596 710
303 1154
1996 290
457 848
21 1675
1879 548
2038 1108
716 1627
1199 1224
465 780
1668 1716
674 909
2207 698
2365 964
1261 1403
967 314
901 1085
1410 1905
2256 345
2290 620
1680 789
247 1087
2275 1190
2330 387
1210 684
2145 2543
816 216
2193 1770
2145 2436
1674 875
408 240
40 1380
2354 2418
1602 195
1094 1651
231 1718
1544 1776
1829 1064
763 1457
595 2547
1110 534
1846 859
492 2139
254 2231
188 321
1992 2322
2278 11
1282 2418
659 1302
450 50
1692 769
1998 1192
2239 1248
2355 368
1713 2070
1195 2440
155 106
1102 1295
2305 1770
1187 804
1270 439
1868 1639
1626 290
2449 1414
1574 2354
1226 687
554 535
2149 2307
609 1920
258 2039
380 993
1005 682
1305 903
1255 773
483 630
386 56
1063 114
2460 2377
411 933
643 2442
372 1523
2180 1281
1851 43
1685 642
2078 2531
77 1167
1141 364
2453 2359
243 1035
1428 101
608 2149
2042 186
670 795
2144 2062
2397 484
945 1198
1005 1425
506 1111
381 2323
1887 2224
1602 2058
283 1840
105 2346
2317 824
1583 1066
132 2124
2202 1547
1862 913
1947 1669
1592 1580
1849 817
1018 1999
812 1143
152 1978
2452 1819
2072 768
117 1969
2513 1729
219 2424
1961 2346
1070 1248
1766 1032
460 986
1065 1243
1027 2365
2484 2055
955 1519
2439 739
1689 1677
227 1021
2281 2133
365 1811
249 714
1374 411
2430 219
1194 2532
1374 200
212 1436
2443 814
2465 604
2216 1993
635 1757
580 246
2359 2448
932 1032
84 729
2037 209
2397 1250
1938 947
1569 504
1783 1060
1438 394
577 1420
2313 784
1868 1125
2355 2087
746 1100
627 270
122 459
1355 2025
846 190
1998 1654
604 735
268 706
2559 2371
737 555
1590 2092
1643 2046
624 994
1777 1165
2061 1165
2118 830
1453 1026
79 263
1342 1017
1914 360
2490 2399
1744 1915
533 1088
1634 2184
791 1571
73 2444
707 1995
495 1898
2508 2363
1987 10
2357 314
1220 2530
1555 431
1135 227
1014 2096
586 2004
1270 552
1782 1924
1929 1940
480 1478
168 54
455 1144
220 1916
2203 1216
1619 1136
649 1327
996 680
1353 2017
184 1071
931 1481
1486 1673
2509 1514
468 16
503 2514
581 1098
229 11
1471 2093
658 1488
146 36
1511 1962
815 813
213 17
311 1537
1166 1477
680 751
510 1130
2466 1992
633 127
323 1262
558 287
1798 572
2436 1467
1093 1737
1019 2288
725 615
1245 1206
4 332
677 2037
841 2342
187 1073
1075 2567
812 1031
36 1793
909 282
757 1945
2017 2495
141 1287
1398 1248
228 793
272 1093
1206 146
369 218
1824 906
2264 1250
1054 2377
826 801
1891 1288
2152 679
1086 447
2408 2337
662 2016
159 2455
630 857
385 2181
1859 2160
2278 1446
528 2137
1099 2209
1846 867
519 1449
987 125
915 2384
336 1879
2032 1091
2203 1633
1540 2226
1958 1252
248 917
2415 579
2462 1186
545 2176
391 1532
571 2055
2008 516
2248 767
1086 2154
1686 2197
24 2549
1111 242
2022 396
2483 429
627 1369
379 753
1572 1951
12 1764
305 2221
882 462
1491 2297
931 859
314 100
1155 1704
574 1560
2071 239
967 2208
2541 1157
1805 2428
2127 421
490 1559
1555 2382
134 1161
972 731
901 1552
2203 934
795 727
2182 40
242 1971
243 2215
482 2078
527 294
2064 1732
1356 297
2363 2371
2490 1015
2016 1541
963 2407
988 2405
42 1538
1409 1416
1005 1638
842 491
1929 1701
2253 2095
715 484
88 1739
1671 1191
837 2085
111 488
1074 1866
640 794
1623 1062
1191 303
1596 1575
480 248
72 2015
1324 2520
2234 1
388 1625
497 1145
2245 2126
1770 468
728 1303
455 1735
1180 1209
1301 1151
1520 1618
485 2265
2214 96
884 1140
300 2073
282 1484
2117 927
1699 396
595 251
164 1193
998 485
382 437
1708 2069
295 2045
1541 707
1402 1637
1124 435
1342 2138
2022 678
198 331
379 1246
1946 1910
2224 338
297 1590
2115 2409
1031 1143
394 2074
1208 2192
2448 1387
602 733
2124 2042
1037 40
1395 1990
2543 475
1640 1115
2403 2091
2200 487
66 807
515 2284
424 2389
785 2423
249 1609
939 2034
637 1800
193 1478
2569 647
103 593
2225 1983
681 285
2472 1972
2110 1110
537 512
1535 2564
1697 645
504 888
1268 1436
1395 1234
18 1006
761 2230
2057 2061
54 1686
723 797
2056 215
58 999
1548 296
2189 2215
2157 279
1257 2026
854 953
383 1557
1506 1775
1125 1517
1397 1659
1648 2160
167 1880
418 1837
2108 2449
525 2400
1611 5
1874 1752
1593 1471
59 1824
1428 30
302 1659
684 252
1827 1789
1393 1572
1933 1196
837 633
1055 269
1313 1068
1813 100
2240 915
1319 1244
748 576
1744 1943
1224 224
1912 1652
836 1312
1492 1595
1980 1255
976 1489
62 1613
2542 2299
192 903
2106 979
997 567
939 1983
2229 1543
109 1297
1695 2301
1840 1674
1148 2502
2447 1872
373 269
378 2192
748 1973
1716 497
1559 207
2512 666
794 944
168 2218
1937 2000
2420 1325
1687 1274
2149 928
2391 450
2552 728
202 2429
1936 821
1525 275
2435 781
2241 109
1950 21
1551 1828
1171 2406
1832 2299
2232 2116
22 2100
126 1762
694 466
938 2441
2546 281
1539 1738
2526 148
836 2195
247 1999
864 726
647 334
253 164
1253 2304
1806 2146
1230 835
697 1353
2330 677
872 821
732 1735
1149 145
400 1590
630 2488
1032 1709
2331 1599
532 1760
1444 1632
511 1468
359 1403
689 796
2514 1987
675 1490
541 1835
1864 205
1352 952
1956 454
810 1961
1328 1320
1470 2130
1139 2302
1052 184
1423 1893
1283 448
613 1712
295 2090
1758 864
968 1388
2020 1711
2404 1603
1490 316
1459 1298
311 584
1664 1184
1573 1180
1048 1650
1044 2414
766 599
2127 2435
71 1083
1600 2258
1203 2234
1989 203
340 1440
845 181
363 430
2561 1600
503 1636
1672 1835
2554 1252
33 1909
576 1513
199 572
1076 1157
251 2503
1483 1262
1936 180
1488 293
665 600
1440 1773
1350 1595
1546 1981
1681 1043
361 1637
1591 393
232 1339
1767 1084
2199 2044
162 1452
200 98
1976 994
672 1668
1795 2240
2113 1885
328 523
1363 235
1406 384
1578 276
2088 1363
1212 2252
31 524
2269 1116
505 1763
1230 120
183 2348
82 1783
254 945
1799 1607
1870 1932
2220 202
1807 873
259 795
1474 1011
780 1238
1398 1153
115 1430
749 818
1609 2270
2356 1081
124 2442
2131 1297
1292 2080
1391 2558
1661 670
2011 197
2216 2300
93 2065
2443 1195
368 2087
776 428
1665 963
946 1718
2152 747
1267 1013
2013 1056
2341 1794
1949 2114
2323 1135
624 1548
731 2329
312 393
2172 2054
326 966
2285 1657
1486 1132
1820 497
1667 1153
880 606
2458 178
149 2361
391 2128
1616 204
1760 121
1370 2451
252 1341
1112 1375
1384 1172
2050 720
882 87
1841 609
1701 2086
226 346
1016 863
1577 1443
171 1507
872 862
1867 2388
535 1186
191 963
673 2494
62 692
1652 1043
2044 522
1241 1706
329 2525
593 1033
1854 1868
2394 2479
783 2292
1758 1322
629 1725
88 2339
334 863
2045 1709
536 1373
1091 1052
745 1365
2127 1225
761 2211
1073 447
631 2122
100 1788
337 369
1879 2017
881 1914
1042 2509
821 109
211 679
740 2549
1524 1189
2123 278
83 2567
474 594
513 1148
1604 1984
1384 137
1672 758
515 1308
782 32
2076 653
849 1999
1448 539
631 496
632 1629
605 124
2136 1102
1483 53
2048 1717
2018 1155
2029 872
1772 2289
2325 1379
1545 1660
476 2046
2521 691
471 1710
878 2353
498 1926
1166 1833
925 1661
815 2143
830 571
650 2394
1375 1556
1937 2379
2212 1130
2428 288
1041 94
2158 664
94 2399
1020 1686
705 615
403 2137
614 158
1476 2154
2129 1164
1933 2167
2145 695
623 2390
1908 337
1463 1207
849 1480
1439 51
2501 2069
2432 324
870 1572
854 433
2138 1721
487 339
2420 1573
262 1915
2539 1416
2213 839
1367 1838
1973 1836
2366 600
1858 1668
1916 793
1495 2269
2012 1205
2314 1278
612 1453
6 1549
948 810
1668 959
1183 2002
420 2368
1859 606
1692 2416
1222 2445
1579 1254
1076 139
2453 1966
189 585
731 910
746 1383
1159 2252
1730 917
2515 306
2477 12
57 1398
1988 1615
1532 1687
1445 558
668 1696
1313 2300
860 1137
2498 2194
696 256
231 1642
293 992
518 1154
1232 1443
1838 618
2464 2505
1416 1136
2442 165
133 1941
2217 1511
2519 90
1758 726
207 2247
19 564
1030 1781
719 1255
45 201
63 2493
517 2305
1640 1622
2320 2260
1121 2244
2135 2284
2479 2345
937 1325
1208 193
2068 740
918 2000
751 1536
1931 2085
2333 1121
2194 2566
2402 2368
766 2116
1690 772
1456 1949
1005 1466
1134 2376
2244 1702
1832 2516
276 59
1174 353
2010 128
1781 593
686 78
1408 395
1986 1183
855 1021
2357 1924
57 230
2245 1901
1918 1201
517 2264
579 95
1726 2105
2254 2355
2563 1858
2337 2196
434 335
2506 1990
2565 1421
1511 2181
465 184
1930 2259
49 2049
403 1219
1929 2347
382 432
2096 1190
152 2282
2412 1766
52 1904
255 111
285 1554
681 1738
174 538
8 431
1469 89
762 1187
2219 694
2463 2367
639 2228
428 1541
2139 1577
2201 722
1084 1451
2251 2529
954 1438
1469 414
1865 1050
746 637
2265 2205
1316 833
1638 1598
1836 1663
1844 2142
1412 483
957 1095
442 489
882 949
193 765
1457 1214
2558 2010
1500 822
2083 2186
1700 674
2459 701
80 1729
1105 1588
2028 2429
1894 473
1790 2537
1750 2327
408 1600
2201 1567
550 143
55 1424
1756 652
292 1516
865 1705
1338 2397
358 308
1849 1199
2403 2539
170 406
167 1260
230 2051
913 2419
998 1688
711 2057
2005 2317
1004 1849
622 2210
2326 1509
2077 1732
890 1627
1605 2242
1828 1212
693 1263
772 65
2440 294
2382 1552
1778 1561
1481 666
1966 831
177 1026
1 1058
138 228
224 2507
778 921
369 2553
233 2374
196 475
1466 335
995 1858
277 2571
1704 273
1393 2250
374 2047
1299 1331
1574 943
1229 1064
1188 2217
2298 1517
533 1902
1072 1822
985 212
2427 1057
1986 254
1864 659
637 1921
629 2003
2064 2313
1192 1151
1728 1472
384 1593
1748 939
1415 1233
689 768
2103 2102
21 1608
118 835
2387 2442
819 1094
1807 850
1099 2562
30 2142
267 1026
2563 1496
1620 1300
225 392
770 1395
479 687
842 292
2474 2125
801 1034
2202 1962
388 500
801 236
157 1806
457 352
2207 1627
1393 1703
180 115
2065 2171
1985 1674
1777 1269
1336 1678
685 2295
2159 1177
552 206
1150 1808
2382 1408
2503 866
437 1083
355 1297
181 2293
2232 1418
1798 1373
1514 129
17 823
1550 294
2410 30
1501 2550
724 1367
64 774
158 2023
2540 1187
271 2160
308 1584
1059 274
1995 912
1890 1172
2021 1797
597 2077
741 2325
782 790
1197 1847
1443 2395
1900 339
1012 19
2119 1085
1401 975
2001 30
1996 1024
297 2559
1907 1059
2339 499
2257 342
1825 2521
292 748
1139 65
32 468
1756 941
2556 1840
216 1414
950 703
2049 1169
375 1004
1340 986
2395 1020
1431 1127
644 1322
1384 885
1889 964
661 1046
1547 783
600 105
614 1771
699 110
669 1236
753 1234
1761 1802
1035 1779
1087 849
2159 130
1114 1368
1122 2362
60 1516
1901 1793
2480 1766
333 1689
776 1161
928 868
1435 673
2102 1663
1148 287
267 551
400 1820
2476 787
1407 1249
834 2379
1604 551
683 258
1272 307
1697 1733
603 1285
1232 2352
1691 155
1571 2499
2528 1461
1357 1494
852 1204
2393 1167
563 2290
2500 1720
2389 2030
148 1402
1886 1974
1884 1593
32 16
2235 2001
2392 2473
2548 1566
14 1977
713 571
542 1209
1558 1509
35 965
438 1067
2439 580
2249 871
495 1381
1432 1621
551 237
2263 289
1274 2297
148 113
1126 213
1722 1132
1152 526
2246 2340
1737 1656
762 2540
604 2457
1968 1861
2147 241
2378 2107
2455 1182
1648 892
882 962
324 1680
575 597
1645 1695
1738 993
1347 2023
494 2171
1004 469
724 1180
901 2148
486 1731
1894 1129
2375 2101
168 1991
1787 1531
1747 1839
1152 2066
1962 1045
1736 3
846 26
1246 1913
370 50
7 2052
865 1326
1733 1463
196 1063
1334 925
35 1457
2542 397
1359 1337
1340 2084
825 520
1244 999
169 410
374 1069
2232 566
2517 133
274 1768
683 1834
984 115
147 599
755 1433
1767 2443
2067 621
769 481
1327 327
673 1123
2471 2262
425 1419
2027 1925
729 1981
1785 2250
364 579
812 841
406 808
1745 440
2211 2271
384 1639
208 223
2111 1323
734 63
420 1962
1816 929
202 1313
1362 1513
2369 575
2489 1055
2164 1975
1543 1317
1967 2249
351 652
2046 582
492 2340
1610 1757
61 1956
2107 1847
598 175
520 1906
542 1646
1751 1140
699 2005
1527 1107
582 1210
427 546
2500 1705
1990 2172
383 506
1146 1179
2036 2037
553 1583
1545 174
2380 904
988 1501
1122 2507
1359 2497
1071 2312
603 107
1826 1382
1784 2034
850 2006
1950 961
1640 2161
2214 136
493 2313
2534 634
1753 2387
1512 1097
948 1015
2112 2490
1104 1919
1155 1544
2047 2402
2445 1610
1379 2456
2027 1307
555 1625
2055 2118
1847 706
908 2409
820 10
2296 447
1419 1568
925 1175
2428 1478
386 2301
1957 2328
846 610
399 1145
1984 2145
2088 1939
851 2393
1892 720
935 1387
354 1173
1473 782
2543 1984
759 1658
1677 1526
1237 636
1105 2177
2497 443
2446 878
1595 627
689 1115
2336 9
1328 2104
892 1741
176 1371
1003 802
1081 710
2533 46
121 786
1231 635
2263 1394
2217 2181
1759 1624
1020 1955
2282 2565
2361 1932
1279 1287
81 1151
245 466
1153 470
472 1143
5 1411
1675 518
1093 742
48 92
92 761
1071 1234
124 662
503 243
406 1089
1598 335
2330 1155
2013 1683
1357 652
2472 829
2088 981
1217 1305
1830 2185
514 831
1003 1534
1227 266
1308 2135
1499 1267
2318 317
545 880
179 515
2205 2318
2113 2441
701 1789
178 203
2131 1549
320 1794
590 1185
179 1755
855 667
1161 1777
876 1882
2471 1754
2230 1587
2324 1700
2038 533
130 1088
1048 1613
2082 1734
1325 2141
1523 1742
1479 1587
741 1424
1065 1614
2478 1752
340 326
116 1594
2555 1852
2111 2188
1497 1211
623 605
265 2156
2286 34
2276 1233
29 2405
376 2349
1027 1675
1785 2087
1039 2417
987 94
1266 128
1841 1094
2431 2333
803 2
313 883
2477 1142
1902 2038
238 1743
768 473
702 555
1807 2540
2257 1427
856 2060
1565 1158
947 1446
1655 716
1636 1796
817 847
646 886
544 2560
2191 647
1766 1634
2176 1736
285 523
1028 1888
2102 1513
215 990
1368 1941
2 278
2095 2053
2185 1858
1728 899
78 1114
2066 526
1938 2505
889 1576
96 2099
869 73
965 2216
2403 1396
2199 2503
2247 2109
877 402
1380 2409
29 1100
1839 1812
2517 1302
264 628
2035 1842
2541 1874
708 2470
244 1843
250 2344
1562 322
1956 2126
1634 1709
1332 546
2476 143
1946 556
1256 589
1243 2516
430 2045
290 820
441 2378
1278 82
2069 1166
1751 2213
1647 1211
797 1893
1883 2110
2362 1372
2168 2187
1757 86
197 1438
1721 8
612 66
2176 1514
1117 2488
1750 608
1052 1960
1138 1220
1068 2248
41 1437
284 2061
1113 1084
1923 2210
1346 884
240 1102
2162 385
99 2147
605 467
1973 1513
2348 2493
828 1401
406 169
965 1214
2208 1463
1901 547
646 299
561 392
263 2502
127 1778
1422 52
1999 1480
999 1319
661 1979
1774 1503
1056 798
1879 1619
1356 2563
1023 112
941 359
1358 2267
1451 591
2260 1803
66 1404
2277 2460
985 1722
1502 1749
583 193
434 680
314 1624
742 192
1509 898
996 2222
464 517
688 458
1390 320
914 1914
813 1425
156 2492
664 1553
1837 905
1361 360
2373 1370
1426 865
6 984
654 2177
1947 732
2069 1479
2354 1926
1242 1519
309 2175
1589 1282
1103 1429
1876 1553
370 253
1551 1916
840 1148
4 1061
2351 1354
1385 2073
826 2328
75 1034
1497 619
465 1238
1081 950
1138 1188
2436 1222
2071 1939
2314 71
2480 1634
1620 1458
321 1317
1266 1711
2151 2507
2342 1495
704 1697
2063 1309
1902 2496
2556 775
2279 2338
1089 410
1406 1275
2204 394
2250 367
1940 1228
2371 377
2141 508
2398 2042
1458 897
194 1699
2280 112
2090 363
1671 794
1649 1469
2431 106
813 1253
1061 501
2140 2143
2237 144
696 2266
2283 1499
50 1223
478 1078
2092 655
862 2306
389 1265
1970 2491
1886 1861
1374 1809
932 692
1498 1391
1628 1235
1738 973
174 13
159 2116
836 2453
443 894
2017 1294
1715 1044
1663 1584
822 1618
942 1009
1128 1804
558 185
2499 313
2283 1569
2498 2129
1724 1379
384 144
262 540
2295 257
457 839
1839 2272
1905 2305
2450 843
839 1123
174 542
2223 1489
529 2464
76 567
2040 1836
2456 741
316 2263
433 891
330 733
919 1871
2195 2322
1215 1871
1331 2364
1719 1311
951 188
479 1345
1272 1249
1431 286
1195 311
1949 723
426 1575
1372 2507
127 442
1723 1243
678 2080
1976 795
1835 1597
2205 2338
2146 791
2132 1785
2058 2067
968 337
622 1518
313 924
756 1377
1010 722
1254 2196
1803 2414
2555 1630
2424 2458
626 1221
549 493
1028 925
877 2444
1407 2158
2 350
1424 2437
1134 2499
710 2330
1953 1508
830 595
599 2336
938 459
2155 1382
1919 2056
712 646
668 2020
1109 1009
1746 1550
499 1071
269 1956
1773 2310
903 611
2019 1331
1381 1653
2557 1906
464 649
1092 2005
2453 1077
1538 1980
1576 1448
1644 2092
1505 972
256 701
1246 2014
1306 1715
516 1661
2547 744
189 1364
237 2350
248 765
2523 2455
1845 1551
1904 2139
516 1334
1959 1848
448 395
582 1046
1154 2416
2109 1106
61 1544
2530 1092
2181 1920
1962 2368
74 1850
1325 1184
2152 373
1447 1746
1406 1471
2323 718
679 747
1282 343
657 451
923 1988
1464 512
861 89
435 1556
1510 149
135 759
1023 2280
252 2232
2564 403
2105 1439
715 117
1331 808
1788 956
529 760
11 221
2293 1145
452 2163
1372 838
1622 1626
2423 1707
1303 2068
1508 1710
915 280
1143 1522
1869 903
1918 2332
979 1698
669 1878
974 1730
738 705
2552 1303
385 2292
631 989
1483 75
4 966
2002 1163
2496 1329
419 1516
1861 502
803 2060
2074 1540
498 2418
1834 1338
891 2357
678 1375
435 1771
1808 2261
1445 687
2022 1411
151 1894
331 1942
650 1174
124 901
1310 1528
607 2176
743 407
1072 1884
2035 2251
126 1851
2143 2475
1982 1561
2182 700
2344 1618
1527 684
978 1409
1699 1411
401 439
1656 1900
1028 1712
64 1864
545 606
1470 963
955 1091
1071 1913
1647 1714
2009 1527
954 1442
632 2356
348 750
2050 1796
1258 1654
184 1888
935 916
2319 2564
47 2095
1637 426
1120 628
777 1218
2537 733
1821 1057
2341 1808
1702 2531
1567 921
1391 1641
1914 1260
2350 1757
2561 408
1572 2379
2028 344
988 782
233 610
429 562
2081 925
147 566
551 2445
1758 708
881 360
23 1236
2277 1443
1578 315
2547 2118
396 171
511 817
1981 509
1740 1389
108 2446
222 2468
1578 1581
988 16
226 1894
150 2241
250 1343
2253 2327
2534 553
1569 2291
909 2324
260 2535
2454 983
1247 1696
336 1202
2415 853
265 2513
953 1271
92 1450
33 511
2163 2212
2053 1344
1840 2452
478 1873
1176 1422
2284 1745
1459 463
2061 1269
1744 1539
598 861
154 734
72 845
2492 1883
259 1028
1287 1206
1660 700
679 1067
1198 810
1982 867
624 296
1302 140
2207 896
2262 2366
1330 2514
1599 229
98 425
1492 58
1318 193
402 1285
1935 1378
28 613
1429 1825
27 552
279 982
1339 1822
95 1210
602 372
1427 1312
2157 854
1284 245
587 1694
1453 177
1080 240
1224 1004
708 1277
1064 1181
414 1649
590 1534
1922 1802
1236 1178
182 893
37 2202
2056 622
1881 2134
1304 1335
461 1311
9 251
477 620
1079 1431
131 2391
1564 1303
1746 1964
2232 2386
1032 2174
1069 2316
954 1895
567 1487
2504 1780
697 548
654 1394
2100 2499
474 455
1290 1204
1231 328
311 2075
1286 848
1335 784
408 847
398 2381
1355 1576
1878 2190
1232 2570
653 1890
2025 806
1189 1973
2372 684
1009 232
1073 1266
2343 1776
2130 1673
1451 2383
519 1427
2094 1425
1253 2098
799 2250
1867 1781
1160 1395
1678 688
2374 846
806 574
1679 1522
1100 988
119 53
623 643
2439 1829
1820 399
525 1635
1887 2179
526 1349
1263 1567
2173 1601
531 977
2381 2567
416 53
2153 492
428 2390
191 1436
790 1410
118 1615
2033 1947
93 560
2148 2387
573 2228
2311 2079
466 1509
91 1616
2031 357
844 1316
1923 1399
222 1946
1073 665
1662 1751
178 102
1981 2101
409 304
1088 2559
730 1325
2197 449
2570 2277
1329 2159
548 150
188 1318
657 1540
