569 766 702 3083 4888
1329 1141
2203 1832
1199 863
2925 2746
953 2320
2603 517
2846 2265
2615 2645
2454 473
3037 2192
713 682
696 1229
2900 416
1321 2093
789 1215
2346 408
2942 2221
2867 2609
1697 1105
2747 2239
793 1683
1994 1440
315 2448
511 409
1242 217
1424 1504
2140 2494
1725 387
2760 1653
2458 922
2270 879
2305 2402
1793 2921
2924 378
2594 2394
313 2236
385 1046
656 1246
2191 2677
2903 701
2416 103
2834 272
2438 766
2391 1632
1173 301
2680 2784
1422 1457
768 879
2522 1285
3050 2748
2191 1497
2805 1496
2155 2498
139 2751
1579 1580
2919 255
2509 3083
2519 747
2189 876
1537 426
308 2787
1386 1417
267 520
49 1542
1497 207
1418 1260
605 1380
272 939
315 2449
475 2483
745 608
2367 1658
2952 2759
2996 2201
284 1549
3044 104
1666 196
699 2503
2627 1419
2227 2611
1030 978
2487 1814
625 810
659 1323
2149 80
1889 2317
1865 819
2308 1462
2299 11
1855 2614
398 1142
2987 1640
626 166
635 1395
1132 659
894 1708
129 846
1629 1106
67 553
2799 2840
2629 1000
324 2255
2614 347
1930 1605
2989 1971
514 2136
1467 2320
1765 2418
315 2950
2374 587
1536 1926
1512 1689
2148 2843
1195 1859
2080 3012
2168 1576
2134 140
2132 2066
1653 2932
1477 2467
1974 3029
2967 1692
739 1034
2856 90
2636 1159
2523 360
1674 1345
2638 1140
1713 290
1127 1158
1610 1481
2534 2542
324 1054
2787 1103
1245 468
2727 435
920 758
3002 1884
926 48
2746 2343
723 311
1200 412
2437 698
2790 991
1988 2721
1461 564
2241 1345
3032 887
2782 173
1917 387
2540 1978
1118 1007
321 1054
522 114
169 585
288 3030
2410 984
820 782
1678 1618
981 1460
1649 1574
985 256
1624 2093
2429 822
1231 2488
353 3022
1039 2745
685 245
2539 1925
631 316
1693 2204
823 1901
1268 1025
509 806
1524 2668
346 36
2474 855
543 447
21 2330
710 2264
1847 2226
1233 570
2383 1649
3030 2179
1686 1341
864 491
1363 792
344 1418
1642 304
1332 2740
269 2035
1159 2207
2404 1779
925 1987
2451 2829
2802 2534
870 2009
772 2968
851 1447
115 811
263 488
2133 1147
510 755
1076 888
2637 2015
80 240
657 2564
2263 2635
722 174
992 1845
738 519
1269 2220
2400 1059
99 2303
543 31
11 1192
1159 1623
1371 2893
55 791
1181 692
120 1492
2213 2650
2584 2329
746 2123
2583 1200
3030 1891
2859 595
2820 2223
535 2021
990 1503
2522 320
1797 2225
2112 1496
657 2297
2995 2258
2107 2413
1767 2262
1256 1021
1145 1267
329 889
518 99
1531 919
867 1941
1643 1875
495 2784
2999 478
1768 1321
1135 2629
1348 159
1365 207
1959 1277
2584 1854
874 2005
908 3019
2506 1337
2086 1464
1413 1731
1691 145
95 2534
214 2812
1720 388
238 242
369 795
1310 2293
1912 1945
2099 854
62 1051
370 619
1936 2012
2078 3004
1810 2695
1755 125
639 2799
1583 2599
654 48
2829 3052
500 264
836 1032
62 2922
659 660
2304 2874
2257 1287
655 2271
1989 2106
2077 1514
3032 250
1192 133
2803 2300
1154 2574
2939 94
962 166
2457 1383
3037 1057
2160 344
2421 274
1714 1052
388 2783
2533 1756
864 2585
1958 2830
495 2549
1739 2003
772 155
1787 2624
2316 48
1371 60
1750 2138
1110 2319
2557 2081
1322 1406
2178 1944
1981 883
2945 632
1537 785
1360 971
541 2984
976 1352
340 2911
590 1644
2443 1892
44 2548
1089 174
1839 2069
1815 57
2947 1310
152 2151
1107 92
983 971
2538 2185
1060 502
636 2811
2004 386
1746 1563
2763 1991
2988 954
334 2846
1153 2405
2130 929
2273 1701
1316 2418
1781 1769
79 1835
397 152
559 883
2959 1614
1241 972
1567 1091
1193 459
1959 1842
2567 150
928 1324
1166 751
134 1161
1814 1304
1237 45
2748 926
2760 1523
1001 2929
1344 961
1399 2109
1844 867
2570 1367
800 2123
1583 2104
314 1898
2036 1542
1811 891
2670 2139
2457 378
1208 2201
2828 259
239 2860
1163 2901
599 1370
603 195
1944 1037
1348 664
697 2189
1314 2422
2628 805
2665 958
1864 1334
1203 1609
2596 1983
2201 2632
1704 261
2113 57
3022 2685
1929 1190
442 811
2251 1723
995 1362
2157 1381
1907 403
1720 453
2975 603
1469 1033
1998 2589
40 78
1343 1635
1636 2121
1975 313
1880 2804
332 1306
204 762
2552 1997
2959 636
349 337
2610 2259
2354 1493
371 1786
840 1933
108 2934
2885 1743
599 988
872 1415
1615 2322
2855 2187
477 55
542 2344
1646 1206
2562 324
482 2718
1805 2096
1578 2846
2857 830
1117 171
2408 1589
2402 667
87 1200
2989 1706
1020 201
2354 572
1442 2709
244 143
2897 373
364 348
303 881
2101 755
1162 999
2025 2127
2206 525
2934 17
2495 2508
300 1128
2722 1939
2038 309
2042 1169
1494 2913
503 1656
2935 1393
1676 259
442 265
949 512
2765 1636
27 3009
1113 1036
2703 2660
3002 1584
45 1108
1442 414
1196 228
793 1819
970 2365
972 158
1130 123
674 1857
277 1273
1006 3066
2071 1200
1557 803
1034 2062
469 924
1123 90
1311 2237
1326 707
62 1957
1366 453
24 3015
2164 174
621 2478
693 596
67 2996
2382 629
1651 2775
155 1097
1453 947
757 359
958 723
1416 1286
1603 2746
52 2593
1395 2347
358 447
403 1400
2388 2334
2336 103
1139 1611
2852 362
400 297
2244 1534
1696 187
2637 620
1058 2046
2591 3064
2291 2410
1918 329
1182 2267
453 364
3071 1659
2413 1640
1692 926
2058 3082
496 2802
877 593
584 2357
1012 1223
1286 2132
1164 1897
2952 100
2626 442
1017 3060
1838 1777
2888 2514
1583 1903
488 69
1348 2823
683 365
586 1312
561 1377
1587 557
2708 289
2202 1154
1092 2895
2982 1493
2067 1994
859 2545
992 2323
1953 1613
602 1882
2684 144
907 537
2896 1678
2921 1518
1630 854
701 2218
630 1754
2872 1284
1424 745
903 2302
251 447
72 824
99 1744
1751 1179
2419 2674
526 651
1332 2784
275 1013
2906 214
2581 3052
748 3021
927 1016
1016 2022
1086 153
2290 1671
2386 1872
488 1375
2505 566
1563 1856
1706 2633
1770 1447
3006 2243
2448 1635
2473 1707
3053 2176
1798 2476
2422 1615
2985 2019
1612 164
327 1841
2187 1630
1473 1251
2836 1948
499 383
417 2522
1242 57
2562 994
357 2323
2375 2054
391 560
633 482
504 1225
2227 790
2229 2103
2100 1209
1088 1845
1521 2692
2819 2991
1211 143
2513 2708
587 3003
2792 1013
1548 1915
2624 963
740 1859
1533 834
2716 1757
1757 56
1094 1622
2102 2425
1182 1795
1149 1105
2427 1234
2480 693
1393 2677
2791 2218
1089 1644
1729 615
2560 609
2902 862
2244 2084
1117 1318
2876 1480
98 737
1078 115
2825 352
372 2941
52 2959
2966 346
1708 2889
1161 1864
2354 2208
2586 29
1876 2922
12 2867
626 200
2874 1743
2779 837
898 1780
2461 2411
2260 931
843 1072
404 2162
1330 1839
2928 862
1834 1902
2068 2051
2250 1242
1752 824
76 872
1867 1285
2062 1409
1698 24
478 1491
673 659
444 673
1714 83
897 1376
2049 2736
1580 2668
189 1068
2408 1922
1207 448
1950 1600
2465 1171
2346 866
498 2652
2867 1088
74 302
2010 3051
1309 2291
1978 207
3047 1253
3022 2336
3003 1288
16 821
592 273
15 1221
1279 1597
2960 2603
2795 292
2780 600
490 1730
1825 2469
305 85
2255 148
1588 3005
2125 253
2440 2021
2628 1348
2968 2050
1395 562
1075 1219
2738 290
1654 1699
638 563
2034 2935
908 2106
59 487
1386 687
2699 2341
1526 1288
769 1985
783 2518
1463 1616
777 2817
2306 3080
2368 1189
551 2645
1134 2099
417 2819
3049 1530
2161 1205
1755 2147
2013 326
1819 1343
6 1792
242 2660
1501 2260
1396 1070
562 137
2311 633
2514 2168
2909 2837
249 522
2882 89
170 2672
1379 851
557 2506
1542 636
1499 2801
2537 385
1294 1462
1099 2747
2389 1087
688 1014
996 1787
2793 1170
1244 390
1979 1684
805 3066
509 922
2091 2351
1288 504
321 1295
53 130
279 1941
1326 1352
24 35
972 1795
1371 2566
2491 1256
1402 1699
2288 1807
1297 2782
2206 2612
12 630
1292 2794
3007 2070
1790 2132
1552 427
2474 2257
3017 571
1487 343
365 2886
163 1359
2942 25
1626 1700
594 1800
3034 1444
1709 1672
2203 2213
1690 804
417 2045
2844 705
1539 583
2476 2591
794 2718
1205 2702
2079 2099
1160 1750
212 2394
1479 682
1230 2451
3077 1111
2252 209
2703 1139
1059 604
2172 1238
1498 1699
2134 2703
2668 140
1370 1587
1420 1289
1176 1304
1180 2278
1225 2102
754 2917
2216 2981
672 2285
2439 1825
1091 2616
471 2804
1100 1658
2149 2807
2788 291
1860 1808
2248 2691
2237 171
1966 583
578 2362
913 2102
2902 1505
2653 1786
1557 2871
1176 2281
297 2569
2692 2526
1049 1877
2282 143
1288 1722
1386 1974
879 926
685 1291
1197 17
442 40
2065 2216
1692 497
2760 224
1590 3070
2704 812
1637 2494
885 2880
2561 1379
1441 2596
301 799
1503 598
1577 802
993 2778
1250 2688
3016 1828
836 1986
560 1417
230 961
3066 2833
1710 1598
1848 959
2952 361
1870 2186
1807 1724
3012 2469
763 1345
1968 1049
3017 1421
2110 2890
1630 2851
1530 1996
454 2299
2136 2280
944 471
1249 342
1816 1399
2415 1682
1609 793
2687 619
2769 2187
42 2240
1140 2020
1477 888
485 1587
70 2115
470 758
2326 571
2955 208
225 2807
804 2663
30 213
1339 1138
2882 3066
1098 2536
1104 2641
2472 2345
599 307
2572 804
972 1588
281 6
409 1718
2573 268
906 1074
21 1416
244 2565
1725 1695
1494 65
413 2107
1017 1266
1716 2807
739 228
1111 1219
919 3081
2216 2219
1969 933
368 127
741 2965
1649 2657
271 1723
2563 1041
2152 3030
17 1987
814 2126
1525 1671
1668 2005
2813 2323
2800 387
3044 82
1565 1970
1764 2647
3015 750
877 1328
2734 472
878 823
1185 1431
2917 2409
382 2088
409 1629
2278 936
1110 3034
707 1245
2826 1163
1982 1121
3008 988
2517 1207
494 2364
347 3064
1661 2299
96 3049
1617 1867
2742 358
1522 2807
120 2586
1247 291
2715 2358
229 1334
1946 2045
501 2629
1614 1693
433 184
432 1065
2641 178
2531 1216
2496 934
1695 1947
321 2047
1910 1530
1173 2616
1681 3047
37 1814
2885 2983
1141 2656
2746 2385
2600 2376
1732 1023
2498 453
2370 79
1704 1570
1891 1667
1187 568
2768 71
1142 2654
876 2697
1716 1010
2002 189
1866 518
764 2056
199 1528
1255 964
1901 2610
1622 1588
703 1411
650 110
1189 1353
1210 329
2101 629
2743 2802
680 694
1886 839
1707 1747
2841 478
1661 1256
2255 1054
277 1761
2417 367
154 1196
1090 284
1633 2674
47 1820
1349 2980
1175 1223
2199 1357
524 890
826 2958
2206 322
2336 2916
2941 1050
1976 1762
1370 2567
1956 2177
2483 1314
2753 87
1293 1979
2057 2134
2759 1133
2145 2642
2884 2105
276 372
4 698
823 1784
15 606
1753 1299
2813 457
1742 89
2320 2924
2179 2907
1074 1924
1828 121
2316 2140
2263 2549
1187 1566
2216 127
2701 1966
963 1680
2376 2197
587 2659
1393 2757
1017 1187
1810 1502
218 1527
2665 2785
284 2371
2066 764
2698 1798
2227 2877
1947 1372
3057 2456
2584 2176
2265 1777
2154 1672
1128 125
2285 506
1163 577
1308 1190
742 626
1597 385
859 837
2698 1950
1651 1660
1166 1929
1911 1201
1272 1975
2974 2474
343 2876
2372 709
2467 2780
2891 621
1751 1545
1316 1616
526 590
3 2391
2972 910
2896 405
2274 646
1689 2324
2826 1126
967 2147
2621 1812
1146 945
845 13
1693 2423
779 977
2864 1715
1645 1470
3068 637
377 2944
914 2773
907 678
2306 1788
2893 633
2840 2481
547 663
2904 2726
469 443
2312 2324
213 540
2636 2041
1279 122
522 3051
443 1004
469 569
2582 2944
2754 1618
1103 579
2919 1483
1724 398
456 751
1713 2574
2068 2741
2927 2070
1107 481
85 318
3 766
1112 1117
1344 1508
2177 503
404 2857
937 1679
1004 2351
1738 70
2895 375
2036 2249
750 47
2823 1709
1712 265
423 1748
2682 66
941 1081
1691 383
754 524
372 3005
2558 557
2751 2442
2430 1675
1470 2271
2523 1387
628 2239
2466 2381
2155 1905
693 2793
276 3039
400 2358
2732 2098
52 2756
2932 224
415 209
1611 1703
470 377
2326 1969
2306 2834
2915 1338
2431 2174
118 833
1821 1967
1509 2561
530 197
1089 2050
2662 1745
1453 2586
1201 2063
2513 293
1571 2743
1120 329
442 1895
955 2643
92 1848
1796 1141
839 1271
1982 1096
483 2569
2316 313
2438 714
1610 379
1321 2089
1056 1624
721 1674
1757 860
1571 2706
1227 801
2557 3059
1761 2366
1909 2445
836 106
1677 1299
755 355
2760 341
298 384
2605 1251
1739 487
282 669
1964 1223
1200 1963
1809 2
2741 2125
205 348
2389 1030
1221 512
201 1059
1400 1220
682 1787
2196 2923
628 2260
2847 1309
1759 1692
788 1508
1209 77
1023 468
1041 420
2443 1993
1337 157
187 956
1702 2337
1282 1166
2895 1812
2778 1749
19 253
2948 1262
2794 1811
488 3070
1379 1572
165 474
2817 2753
839 2964
2953 2530
1365 2757
947 2625
637 2861
2137 84
1231 1932
2870 1031
2282 270
1908 1212
32 3019
1973 1623
1728 3067
95 801
2402 2595
2543 2661
1839 2214
1446 2360
223 117
171 2773
1034 2267
663 2040
2731 936
965 662
1632 557
946 1745
448 2672
695 26
164 3062
756 1045
2112 2356
1104 1710
1874 174
2672 774
2061 1973
2957 848
2263 2273
2658 249
667 271
964 2649
510 2655
2274 1999
2081 1967
1290 937
1795 921
1644 1376
2319 1420
2674 2392
1434 913
407 2884
2679 2643
2489 237
1897 2568
1252 828
1102 2195
2436 1153
3066 2154
2413 863
2274 2745
60 2319
1941 1246
2747 1603
838 1675
2473 157
1134 2377
1987 493
2304 2374
331 1202
1876 791
2513 2304
600 2811
875 553
1270 2489
1803 1432
864 2039
308 1663
2043 2024
266 120
2603 1814
369 1428
2872 1892
2056 343
993 1527
356 1841
989 1287
184 793
2956 563
1788 1703
2518 319
1459 3013
1811 595
2832 2490
1926 1607
1696 2862
723 1502
2585 479
1257 907
1223 2535
1296 199
1017 1722
1799 1976
2055 2296
1831 2740
700 717
1328 373
270 3033
2224 2694
268 555
1072 1291
323 1915
2035 1155
1312 734
1770 851
709 304
2943 2230
1957 1692
2767 1476
2341 272
1743 2089
3006 2370
2855 145
1715 2301
1431 2036
755 815
730 1441
610 1578
1521 1212
2316 115
337 2265
2510 2951
176 1127
1650 2941
1404 1714
1391 2997
2359 2032
2762 2842
1285 1523
2203 676
2014 2030
1173 1287
2593 929
1703 242
39 542
1827 2282
82 111
2620 1296
2485 1438
617 2700
150 311
1287 1454
2991 2522
1110 884
1461 2148
1864 1652
2786 1077
1728 2125
843 291
628 670
1633 333
2525 2017
1416 170
2008 1485
1804 2839
2430 473
1463 345
946 56
378 194
736 2230
786 1012
665 2312
643 917
92 2408
2001 1213
843 2085
1288 1577
429 909
2246 2984
343 1554
1024 2655
1858 1898
1236 1513
2856 1896
464 800
31 1989
484 2836
1047 370
230 2540
2880 2434
1200 2531
1451 237
899 1940
2618 1025
3013 2553
2129 2627
925 987
419 1534
2893 656
1499 1875
363 1027
1690 2942
2249 2968
2349 825
1334 1377
2693 2536
2514 323
1681 2761
1683 1596
2696 615
388 1005
1255 160
555 2598
183 898
829 2231
589 1760
7 109
366 1322
2995 2166
1033 2426
972 551
2245 604
72 1511
604 2405
1107 1848
2736 1445
531 708
3048 642
1820 1102
463 1229
2920 1520
621 668
810 2892
2211 1026
2818 1080
1609 2250
1932 2488
871 1405
203 2901
1056 3056
377 2340
1894 1022
1760 349
1058 2082
3077 1219
538 2881
1785 2244
681 2602
1731 2262
1534 332
749 2058
276 1373
2775 293
214 293
274 701
2680 2014
2852 1985
575 1054
1651 2093
2451 538
130 2674
2068 893
2621 616
1374 1802
88 2255
1433 2874
400 1124
2257 989
275 1385
1207 85
2997 2919
815 1660
1348 1382
939 2642
1107 1320
2989 989
1995 2891
1120 2466
2941 421
1257 9
197 2590
147 2657
2965 223
2569 1203
1606 2462
1709 1184
567 1342
698 1906
2199 1385
1575 803
2557 2322
324 1084
672 3030
72 2831
150 1553
1886 118
1872 1939
265 239
948 2920
701 716
372 1593
1502 969
2245 1469
1295 2703
3074 2179
2934 931
3081 1455
2395 2636
863 2127
2538 316
1427 634
310 1336
2928 2000
1358 2841
3019 1165
950 3
2203 475
1434 294
1638 545
176 915
2951 2953
1250 2977
634 2935
2857 865
1997 2805
1567 1424
834 1641
1694 1834
613 1812
2385 2910
1551 94
1033 2548
2951 1436
2287 3023
1616 1705
186 756
1872 345
1713 1564
717 2850
805 23
505 1725
3043 2686
674 28
2901 1792
1916 110
1344 2540
2664 2031
446 2678
141 897
748 749
2511 969
105 1052
1123 854
2054 103
623 224
1163 702
1572 2080
2810 366
1524 1579
189 2279
2540 2263
1883 358
160 881
232 2514
1851 208
1943 3025
2196 1655
433 793
1293 2371
2679 2450
1456 2400
529 2993
2475 1809
1457 548
1345 2799
552 2912
2425 2659
1625 184
2819 2165
2655 3075
2468 951
366 2078
399 703
582 1928
1070 506
787 2270
711 2232
1042 1737
1973 1360
925 1007
1322 2459
2064 814
2374 178
2263 1344
2502 2212
1839 2330
2739 295
1690 1706
1430 2835
1680 713
2762 2825
1051 2054
129 927
1676 216
136 3045
900 2012
2872 1572
1770 3012
2851 383
2077 2698
919 1990
1188 2666
2184 2320
641 1777
2810 91
1706 2595
664 2833
1600 818
1475 2615
1226 2174
475 297
1246 2319
765 500
2592 2979
1794 1102
1144 3029
23 2483
1517 1442
1316 791
2481 2495
652 3071
1522 1126
1540 1206
1568 1651
961 1541
679 472
2365 3004
2278 2234
1774 1252
1916 1168
1726 2905
2739 293
1506 2389
84 871
1644 462
1808 585
1116 3058
738 2532
1817 3042
608 2275
961 2688
2606 1115
1573 658
2424 335
2773 2237
2664 2828
2056 21
2958 2561
2935 2677
218 719
2841 1724
938 2462
2480 68
442 1277
765 2277
1602 1545
1625 1124
1834 1407
2770 1511
610 2848
2732 2896
2747 1111
2019 386
2549 3007
1145 512
1124 1011
2114 1289
2313 2783
2864 659
2579 398
361 888
2873 2194
339 2595
2433 2119
1415 2149
2661 2650
1216 1449
1952 1847
621 1995
2341 1026
530 1945
633 1639
2316 1769
1981 404
1568 1660
1574 2217
2828 510
2287 2596
2093 829
2319 2580
424 2074
1187 787
1723 477
926 1842
419 2786
1550 1831
298 94
1603 778
1223 2114
18 761
2397 1058
1558 523
1766 1578
2710 142
937 1997
2466 908
957 507
724 2896
806 2673
2627 1514
16 2132
1308 1767
1586 1338
2694 1380
2645 2900
689 1012
1488 1241
2491 11
941 1466
1234 2387
2472 752
1024 3059
1487 1906
1023 2844
924 2839
2015 3008
2285 2907
1888 1753
1246 1074
2351 1427
1944 1084
2810 3028
1178 2040
2292 2348
1885 2169
307 2578
2430 1155
2671 91
238 200
2081 2352
1966 2970
2256 612
118 1865
488 2036
1316 1658
896 1000
1102 2569
1580 1853
827 694
1241 1984
871 1830
950 2456
1393 1793
519 2987
1228 2259
2271 109
1130 2909
1205 561
1643 2145
1478 1954
1390 2537
1302 1375
557 2090
1376 2019
1628 2877
851 1189
1007 2460
117 438
2324 1560
3029 1806
113 2371
43 2293
272 1499
1635 2422
622 1803
2629 2001
2269 1258
647 2564
2726 1998
1376 2962
931 1231
1607 179
2006 1342
1159 2245
368 1085
3024 1239
2597 125
1188 2677
1445 2950
134 2932
444 1274
1874 2968
1808 3048
3083 1783
624 1565
1323 2541
2343 2224
1489 1009
339 2367
2111 1533
97 1658
1709 2882
2565 181
2526 2171
2744 1880
1414 350
984 2838
1573 2556
1346 664
3017 1697
140 957
2186 1134
862 2704
2380 2368
2705 1528
659 1762
2801 2440
2289 1586
1618 405
920 211
1664 1337
1953 468
385 2377
1498 1486
418 1108
247 2739
935 627
89 711
822 343
2376 2956
1205 732
141 1375
1491 2841
879 2140
2371 1764
2640 2425
2266 1065
2851 946
2964 2865
1220 1257
726 2812
1223 2396
2419 1985
1327 2005
2971 1662
1329 2964
911 343
998 2902
2072 2068
182 271
1242 1445
330 1907
2939 384
56 1475
1440 2
2569 2786
1579 2178
2220 2163
399 2394
1987 2501
1021 240
1976 1473
1843 2525
3023 2788
1327 49
1350 1260
2705 1627
550 2865
526 772
201 632
440 713
1120 2381
1046 1870
1110 279
458 2714
1683 2250
2826 1299
1474 782
65 882
2973 1952
712 628
1129 1371
2256 1859
1717 1269
466 583
2067 1870
2586 1235
3071 889
850 2383
2310 412
3026 1979
1642 1048
800 1766
1289 963
1767 2854
2071 677
79 1804
1353 1284
2324 192
1199 2356
50 2529
2483 1696
2068 2994
1871 2825
912 2901
451 1761
1104 2924
1631 535
2038 2360
2417 1642
862 1258
2564 469
2466 1656
970 1938
1425 2391
1039 2690
1791 998
768 271
2607 2147
2916 905
83 1849
372 2475
2199 2955
1899 2174
2903 2600
2644 3019
2977 68
2635 2325
951 2361
2133 2567
294 162
1114 1302
1617 1215
1118 50
1008 2074
1609 184
1505 1258
2389 807
983 328
2471 1172
851 2497
1468 1397
2988 1774
1692 1261
2728 762
852 45
2631 848
139 390
2822 923
1045 1783
2800 1176
2387 302
2461 3051
2231 247
2117 2964
1643 1352
1756 1966
915 859
1594 2884
1485 2314
254 1243
2646 506
1105 2581
2295 20
710 1926
1053 1156
2190 1519
1847 2940
2695 1305
398 1913
1689 1119
2667 365
2680 2349
354 2863
1723 1173
2420 112
1315 2499
1717 2972
1640 1489
784 418
1587 803
1458 1307
97 2594
2608 1074
59 2541
633 1214
1735 1707
2144 2232
1321 1931
3030 2907
2299 2333
1189 2226
155 69
181 2470
2601 2052
739 72
885 365
1420 1924
2407 1576
188 557
722 1185
202 109
558 637
1687 1779
504 162
1291 873
1813 1140
2166 399
1835 825
795 2853
1756 2970
1800 1824
1744 1392
3057 1147
1035 1841
416 1241
1733 904
2730 2401
176 350
1241 372
1959 3060
1813 1781
2551 2342
1479 1328
3082 1992
1641 1533
2928 1761
2659 2721
2812 355
144 2412
2389 2060
1967 3059
603 44
623 229
196 1620
2228 1482
2845 3073
2537 1809
301 1463
2458 509
2059 800
833 73
588 2157
2681 94
1633 3040
2166 2275
2484 1694
1425 485
1470 655
2880 2492
2836 1507
2616 1705
2221 2572
827 1622
891 595
2085 2478
2985 2910
770 1590
307 891
1281 146
1357 2955
1708 1043
2675 2603
674 1649
658 1145
357 120
2351 569
360 599
2516 2755
2077 1583
106 2230
2246 1209
2259 3026
193 320
2202 2701
1700 2459
1601 2575
1436 287
2355 2553
1406 630
2177 1053
2124 1483
755 1676
2530 168
1781 78
1957 768
1694 129
2661 676
1907 185
1101 1144
175 2800
674 1574
2889 2634
2651 1370
1650 1900
1016 2797
860 1945
2623 1484
292 2466
1306 2689
685 1160
435 965
2746 386
1153 310
402 2320
1213 1706
1758 1083
1243 2928
700 263
2954 2170
2873 2785
171 728
792 1280
1310 2831
2125 2503
486 2217
215 63
2662 2099
1735 188
1054 93
1823 1094
3029 1707
2985 2095
2827 2312
126 1982
2946 1114
2017 236
849 1775
70 2778
357 241
958 1417
233 1093
2988 3052
2718 699
2132 170
1092 2822
2208 1914
1373 663
2779 974
2645 1812
1292 1553
1942 3057
228 76
2974 1723
1014 2356
928 391
3056 3033
209 1474
2927 2351
1603 2962
2982 2185
728 1929
3041 2618
894 2490
1423 1194
2805 2023
1943 439
711 3066
2209 945
2581 1061
1350 2944
1342 977
1413 1311
1191 1377
623 1161
2502 2357
917 1437
946 2725
2481 2513
2448 1785
1028 566
1829 2342
2895 3037
1338 3066
1687 957
154 1691
429 1967
534 1388
1646 2119
650 406
1007 2032
2112 2107
1635 725
755 293
2734 1847
2309 1987
546 2285
370 473
1726 378
1074 161
2345 262
2368 716
1386 1747
1262 545
2846 1760
2845 582
363 2041
1173 1765
2574 2202
2244 2669
2351 495
459 2834
892 2160
3081 575
1571 2534
1235 1995
2245 2945
87 412
998 2796
800 1052
1588 1092
2581 1774
572 2098
2043 1527
1655 1844
2167 2133
6 1391
2177 460
753 2721
2832 2159
949 2593
2352 1794
1343 217
2152 1881
428 703
2294 3059
1248 1783
36 2292
116 688
2178 140
87 1449
2130 2665
2429 2069
2643 688
2848 1838
1630 663
1745 1475
2906 2513
89 159
3005 2822
842 3044
3045 389
602 1236
2799 3054
170 1529
2790 1177
1732 272
1055 2283
1171 1404
1751 116
228 1691
2050 2925
2254 1591
1555 1118
2689 419
823 660
1485 98
2355 1459
10 1376
1048 1675
286 1841
2365 2671
1915 2168
926 534
2691 2669
1812 1630
1368 316
99 1392
2006 85
2644 748
479 904
1951 1713
473 2479
1742 2833
2663 2619
2135 1666
2809 2
581 1689
2909 1549
2482 606
2376 2958
2826 1888
1515 2179
2457 402
649 1643
2096 449
398 2979
629 2739
1544 513
1114 1570
1482 2190
1661 1310
1940 295
1219 2224
2419 436
144 618
1098 16
1297 1858
2165 1617
2535 2971
2002 369
775 127
2810 5
1060 71
1699 1511
142 925
459 3080
1935 1080
1159 201
1008 1338
585 2275
3009 2452
1037 166
2082 2548
1956 3021
64 2110
714 1147
779 822
23 332
1597 298
3045 2727
1006 2195
350 1893
490 2765
2501 3046
2815 2183
818 2781
2776 296
2636 2405
1032 106
2645 3037
2346 2574
638 2734
2507 314
181 2231
2108 2245
262 2472
237 2129
457 357
1644 461
1819 2483
529 177
656 2554
1193 2560
935 1074
25 2989
695 2387
904 3045
1046 1390
111 842
2247 565
2377 1896
483 2321
1265 423
2943 1986
1367 2240
2544 2053
2683 2706
2973 716
345 2251
1596 63
1848 903
1989 1131
750 1445
2236 1759
2118 2084
1191 2246
1219 605
1732 790
613 513
83 1760
8 1020
1069 1216
2214 2235
1454 1723
138 2065
1105 1252
437 692
112 2838
395 1331
1167 2573
2989 2875
924 1188
2778 2886
701 58
2954 2515
958 2695
1992 2106
2677 1365
2934 2055
1139 2404
2649 209
2971 2443
2928 998
2973 1993
1242 1819
2101 2495
1863 680
2838 2803
1645 2146
488 1965
590 10
942 1996
1720 3065
3011 1150
694 2328
2099 1178
2601 180
1972 2470
2187 2097
1095 332
1308 1569
2670 1069
1461 349
798 1923
310 2400
701 689
2167 2438
1010 2814
73 1840
2015 1811
1407 2832
1608 79
768 2619
925 2774
512 2194
455 2353
1623 2522
1575 1557
253 31
511 975
3000 190
733 2496
229 2984
1743 1955
2425 1383
1115 2623
1943 903
144 1073
615 2853
556 1812
2793 2979
866 1399
2989 2849
872 255
423 700
990 604
1536 2427
998 1446
1899 45
2648 98
2816 2878
476 2970
651 717
1647 2538
371 952
1652 1058
665 581
1495 2898
2573 2975
315 2203
1129 627
781 1981
2655 2173
1907 106
1303 2810
245 2620
470 1081
2192 1795
2922 2001
263 1378
2342 1595
592 160
2887 808
2094 445
546 1356
2046 623
1683 2322
1176 880
675 847
2316 2462
1147 1557
2058 2768
712 931
326 2702
221 806
773 2234
1225 1104
1283 690
274 2443
44 2165
468 1853
1535 830
1129 1844
215 96
1241 1137
260 498
1861 633
2088 1466
2346 290
2368 2961
2389 147
1338 2076
2131 209
286 1673
1380 874
1079 1883
1683 3055
1000 1584
2746 191
2470 2565
938 1781
2918 557
1509 2439
1651 2544
1328 996
932 2292
251 748
2358 1934
44 2866
945 1996
1935 173
1607 2254
74 1901
691 480
1159 1033
1440 1390
2131 643
221 922
1380 3077
621 1441
1316 905
1977 187
603 2548
1485 1654
1742 2669
84 2168
1667 1881
2084 2577
310 1027
2235 1790
1237 2555
1209 1855
1533 1602
1276 2992
1346 2074
515 1982
1073 1595
1584 2595
2824 263
323 871
284 1919
2075 2451
1384 1741
564 1911
2161 1377
2587 449
3001 2182
1382 2076
2081 2937
3040 767
1521 1854
2248 2244
2587 132
207 1004
1755 300
1780 917
142 1118
1272 2102
3063 100
440 2903
1172 1029
1674 1530
1120 2795
812 2199
2124 225
1034 2725
524 1708
1726 1315
483 2715
1241 1050
1204 3049
2877 697
1955 214
57 2322
1590 636
376 572
315 2650
1443 648
181 1056
469 1550
851 1572
2767 2963
1773 1264
2673 1153
639 1674
999 1090
1523 1763
290 252
609 1193
1413 1103
138 117
307 1974
2221 2619
407 861
160 782
2145 283
560 1942
270 2708
2890 2073
996 33
2804 955
2249 636
601 2693
1626 1829
2685 428
2964 729
169 989
2837 999
1817 2641
236 2962
2898 1898
2441 1539
691 2671
1896 2220
910 2040
1114 1327
3003 1022
2983 1568
3012 679
1843 1500
1053 2771
952 66
2087 813
2979 991
2961 2734
2946 897
1200 1224
2094 434
3003 1040
1101 311
301 2711
67 3035
282 1946
954 2744
1430 1679
623 1283
1548 3062
1523 1653
462 423
116 813
1121 1152
438 368
3072 2944
1694 2409
2126 2092
1216 2027
1305 580
1796 2007
2435 918
353 745
96 1698
2185 287
2447 1864
875 67
1370 1942
1169 2909
1705 62
2745 2308
1059 2041
980 1626
1028 1627
920 2750
2881 954
2442 1937
2737 1969
2704 1273
2161 326
2206 502
717 770
193 789
2960 1814
787 3050
2292 2242
1706 1287
2557 1967
1648 1634
2708 1015
356 2778
840 588
246 2030
309 2606
1502 234
2637 2026
392 2395
1028 208
815 2508
619 920
688 796
1093 951
2166 2648
2893 2923
1302 722
2190 1062
2482 526
66 1354
568 1781
1027 669
1278 774
2781 1270
2149 226
345 1051
533 1770
1628 404
2735 2640
3070 526
1443 2345
2303 2607
735 2835
1858 2507
1483 2807
804 2798
2690 2618
919 238
374 2055
1894 1743
252 2898
114 1087
2782 290
783 2038
1996 995
559 1524
2518 1230
1135 2402
1097 100
995 2808
1658 1424
1502 1145
1503 8
1633 2419
1151 2988
1170 2579
422 467
596 1177
2410 2933
781 830
513 1458
650 1546
1333 1642
1065 3049
2412 2379
621 2788
352 316
2281 2675
557 1381
1752 1196
2773 2233
2005 3036
3044 2155
1977 2331
2699 865
579 2254
220 352
757 2281
206 2267
1948 411
240 1071
2645 1717
20 852
22 180
345 1800
357 1803
1273 2902
58 682
1200 777
86 762
2445 2730
2574 1756
1223 593
2188 1329
1026 707
464 2751
2223 1346
2489 2698
1490 2904
1582 598
2676 2321
2938 170
745 855
1010 2807
1340 1127
741 380
2386 2711
743 1308
1208 553
2858 1081
2817 1347
2792 1296
2438 3029
824 2855
2302 61
1019 1759
162 1931
1657 2428
2562 124
2718 1861
544 701
2871 1369
2475 2939
2465 1849
1785 2691
1041 1882
1296 1160
214 1601
1551 3020
2090 1553
1241 616
1485 1498
2389 2848
1496 149
760 1468
450 2620
161 1371
2321 1615
285 1868
2761 1859
932 2318
850 114
1650 923
326 2766
1836 283
969 2695
1846 1352
760 1446
535 2801
1149 2326
1130 444
3003 918
1429 904
2019 2384
1232 2818
1413 1481
877 2535
507 939
2041 3079
11 2166
2108 1916
2859 840
315 2569
739 2097
2971 1892
1902 227
1571 2225
1395 1361
405 2527
1093 1526
524 198
658 958
2112 688
1469 2866
2523 2918
2409 1826
2856 2939
806 789
2163 460
2110 284
1333 740
2598 2932
557 2523
2102 402
990 1020
1873 2542
1865 901
943 2534
397 1034
2627 102
2587 2175
2567 3029
239 1781
2380 1825
651 1748
2028 173
915 979
1730 1868
1538 921
1921 2597
2501 2529
1284 2897
1606 1939
966 37
1404 2843
2334 1621
378 2435
243 900
152 1458
1029 52
2470 1894
78 926
1551 2186
1214 60
2569 1532
206 2900
744 1918
1624 2173
2347 859
2020 2922
2201 1740
676 1785
1552 2009
2063 1404
2974 791
107 1828
2671 1222
49 2249
2486 2552
2335 2912
433 1532
491 2433
756 1414
1622 154
1569 2773
52 2015
766 3061
1882 2601
332 2543
1727 2316
1524 2189
5 1626
2017 2164
951 2102
3069 71
2351 1550
91 480
2708 1465
1982 932
902 751
957 2211
1143 1690
1400 185
1875 2143
2344 3083
1725 968
2710 498
2880 1619
1303 980
1054 869
514 249
1510 1086
252 2109
2044 886
2272 2875
895 2076
2450 27
401 1067
625 2889
1772 50
1241 513
56 158
3031 1646
1892 713
702 1411
2209 1321
1584 477
2684 597
1886 2029
784 1582
2247 2885
261 3070
2573 1285
1500 2004
2765 1868
2634 1239
2942 1705
647 2784
991 1734
965 1280
2614 326
2318 2048
521 65
1859 18
989 2546
2250 2676
612 367
2390 2026
261 1477
567 2547
1659 2369
2368 1770
1923 2827
1961 2189
2565 1183
197 152
2720 1419
1609 2322
274 996
1867 156
1211 2508
1054 2253
2143 2440
2583 1948
1197 2309
2310 2071
72 499
1978 1004
2559 265
1199 1489
539 519
577 2394
2655 1676
1998 1116
29 2515
205 111
2566 2068
794 689
1814 2800
2680 808
2550 2424
1424 55
2601 107
525 3034
1692 654
30 1067
1148 842
840 1974
737 1192
2840 1015
2008 454
804 1637
1513 106
3057 2511
2808 2812
312 2143
914 2398
437 2731
1552 1249
1054 994
1363 1280
2536 1529
2091 2677
638 2535
1984 2512
1596 2414
904 2464
588 430
950 576
1 1875
338 2533
2084 1516
2632 695
1771 538
720 154
1788 1961
2204 958
631 644
667 1140
2492 2016
594 40
449 1043
1823 2900
1467 1476
2874 2361
970 2078
338 696
158 616
960 2029
912 3076
2140 1135
2736 1124
1717 256
2213 1008
11 428
900 289
907 836
1525 2878
253 1198
1302 772
375 854
988 2556
2094 2960
413 1496
58 2535
2011 196
528 1803
2659 2083
1920 1476
1116 396
2219 741
1894 2053
3003 1465
2720 541
568 1817
283 2611
2057 781
2414 1794
1804 2517
1522 1310
2675 505
122 2163
1075 778
1920 3042
2014 1793
2405 1360
1880 519
270 162
2265 641
2496 1332
481 2126
2597 449
2421 679
921 1588
2112 471
2314 1654
2054 1706
1340 1464
1971 585
1710 1827
2993 540
1098 2930
781 1685
98 1010
2691 1696
871 2966
1436 2825
1122 2634
1301 1275
2167 3
2166 97
41 1941
2912 665
1738 2043
338 2701
1190 2286
2745 1294
2894 2833
3019 2795
84 1982
1523 2522
2867 2813
1169 1422
692 1802
1542 1477
3036 770
2745 1999
811 1920
3072 619
78 497
1342 1518
1847 2535
2720 2781
2205 2304
1216 1389
1487 809
1972 1598
523 369
1165 748
2605 2864
79 2297
2858 552
1233 164
2805 2127
1638 158
2798 1860
2916 549
1987 498
2501 2296
1188 79
2515 573
393 364
3 2456
2549 647
2039 1206
1360 2458
2987 1199
1969 1066
1389 2670
266 357
3014 1028
1498 1071
3018 2431
1103 1663
1821 1530
2144 1516
2438 2090
443 2243
1031 2055
1356 520
1217 1049
122 1440
1386 3057
549 2616
2471 770
2124 499
2500 2384
486 437
659 2259
965 1109
1369 1664
1650 1945
382 941
361 1029
2514 1405
1315 900
1078 2924
1121 2407
382 2957
1417 1267
2540 733
397 2851
1820 2676
862 2516
220 776
938 239
1936 1225
611 54
803 1337
756 3083
1051 2916
2390 658
258 2888
2841 2969
2387 823
858 1263
953 2767
1818 2255
2568 581
626 2528
1701 1365
2114 713
890 2936
2059 1669
680 206
1588 1912
821 2672
772 2095
1862 2408
2167 714
2655 1146
2889 1128
2126 81
2617 92
2180 732
536 206
2724 2962
2162 830
2416 2875
2480 2841
1766 857
2688 2635
2145 272
2499 378
854 530
952 2589
2963 2236
2304 1827
2779 2347
1063 2447
570 959
1319 1566
2350 903
1010 1792
2789 1719
1380 236
1335 2255
3065 1776
1908 1521
1425 157
915 2086
2570 2979
388 1954
2485 1611
2983 1601
65 890
1743 2840
3046 2934
1131 525
2100 347
117 3043
216 3056
1349 3044
1942 803
2707 2219
2713 1619
1639 2923
1150 450
2034 634
1242 793
2868 2226
1617 704
1051 1000
642 428
2883 1803
2682 3041
216 1674
1140 1727
1833 822
2784 2030
2570 1491
530 1795
745 203
3031 1540
2053 763
730 2986
3070 1097
2464 2727
1927 1718
1664 2794
2706 1873
1317 324
1163 2258
525 322
1827 900
1363 2364
609 1613
909 725
2986 2625
2216 974
1998 2486
1788 2156
287 405
2159 13
1104 1093
123 1784
2630 1666
1553 840
1044 1854
6 151
997 2884
2641 2640
1029 1133
1168 1027
2521 3075
614 1783
1751 944
1809 1984
1061 1697
1818 575
824 1409
1641 1009
672 1741
782 325
1158 2298
2639 1423
2453 36
2592 2841
253 1210
995 2495
2278 2731
1573 1721
227 2917
89 2154
940 302
1420 2311
1563 2181
344 981
2417 2035
1087 1506
2764 621
1458 2079
3078 858
1550 207
2361 1577
1047 2088
3032 2283
2899 989
1428 2317
1484 511
593 2554
144 980
1684 2541
1023 1312
2272 745
114 746
127 3043
2197 2497
2299 1126
271 2922
765 1913
2710 2032
2198 1784
2906 900
1007 936
707 2189
2249 1965
294 916
2377 1178
1635 2248
2101 2205
758 2582
948 1443
1503 2431
2353 459
1596 2049
745 3022
2951 1482
3017 1061
239 1895
2263 2277
648 335
62 501
3063 52
1743 1015
480 1222
1878 1188
1902 1494
1863 3037
570 2064
1625 2483
2428 1068
2494 441
2777 637
1793 2006
2205 1768
2641 1040
2866 1523
2215 195
235 1058
1788 957
1877 39
109 1253
334 1911
988 560
973 2551
713 786
1465 162
2199 277
1435 693
2877 1585
2507 1408
1885 1962
2776 2884
1930 2038
1706 1002
2448 2911
1690 1852
2470 162
90 2662
1212 2171
2749 2211
2240 1902
259 763
1204 1394
1904 733
1489 489
1808 1287
354 2666
2261 2626
116 2643
1095 1670
1201 249
57 429
282 2673
2162 865
1089 1668
1270 2327
1509 2493
2645 1544
2809 416
677 2310
2184 926
1682 1138
2570 2913
1688 1459
667 1019
381 1354
2905 378
951 378
968 2960
297 2213
1289 1924
2139 3040
1727 2860
1383 1710
1571 1426
1398 232
386 462
1174 1698
2894 1348
414 1776
1362 2294
312 1312
295 2089
497 1781
2678 1164
2591 1191
1670 2144
895 2894
1657 2502
1151 27
1278 2613
1586 172
687 714
247 2101
1312 1083
731 1852
66 1786
648 2472
437 1244
2321 2862
1775 2063
1608 2935
393 467
352 1618
798 218
59 695
2068 1850
1735 1267
821 2128
368 2347
1083 1082
1371 2125
1923 1510
2803 2571
1317 1611
62 1454
131 2647
870 2479
245 1291
2990 979
1783 653
2227 2857
2548 2573
2347 2298
261 2873
365 210
2351 2325
635 1893
1926 2276
1103 179
1321 259
720 824
842 2434
2863 2437
2232 1382
2758 637
2349 1497
751 3013
399 1411
1200 677
2242 1520
2411 641
1508 264
1182 1544
735 2987
2784 825
174 2925
2919 1262
1902 1157
1838 1180
136 2611
1451 1950
3004 1322
1123 2645
3057 1292
117 2707
2451 2518
1441 747
2183 2827
594 2261
623 690
2544 1955
2619 2963
14 1186
1691 1638
1648 411
1188 469
2268 2865
388 2498
2732 617
1019 2305
2393 789
2020 2963
1265 772
2062 921
2237 2044
1392 300
2268 839
135 1722
1604 2924
658 1305
1932 1987
2767 1019
428 2166
520 644
797 2071
867 3034
600 718
2120 755
1413 1439
1921 2587
907 1949
1633 2392
2611 2585
624 817
1576 323
609 2642
134 2165
2566 1711
809 2930
2425 938
2338 1875
1923 153
78 265
1655 1074
488 2850
2875 1860
40 2722
951 2905
3034 2206
817 2889
987 2934
1361 859
2000 1258
319 3052
132 13
1247 2519
15 1477
172 1672
1920 40
2952 52
322 1079
554 91
3050 1920
1539 463
303 2656
1364 2804
2480 2999
1812 2099
1762 1251
1793 2243
2294 1789
1605 1298
274 2897
1280 435
84 1702
97 212
63 1581
1154 2533
1085 2545
695 131
1592 1653
2999 596
2269 2360
387 1304
1597 1556
1937 2529
1859 2122
1766 1838
1478 2155
2033 767
1697 933
396 952
1346 89
1435 1694
1331 2508
354 79
1270 2180
2559 2722
2799 1955
684 317
786 1353
1159 1592
1945 2725
268 1763
1982 2318
358 982
496 492
2061 2866
802 829
501 78
38 710
3083 1958
1459 2432
336 2886
2727 1758
2409 2913
1433 2120
2593 1133
72 1415
1869 2441
2062 2328
656 633
2706 1359
2735 1225
2034 79
2807 6
232 1405
2821 1558
1896 1178
2524 971
815 1345
2226 1662
987 2789
3008 234
1628 2699
2425 2435
1321 629
2864 422
1397 1791
430 2665
417 922
514 2214
2272 737
2010 334
2482 1542
748 3069
1735 1664
1860 1218
1543 993
1714 850
2125 2580
1705 339
2488 2500
2515 947
2099 1823
1252 1009
319 1298
2312 153
373 2368
442 78
2070 657
811 1187
240 1192
2662 1823
2713 885
709 1859
2848 147
2439 766
1656 452
2349 1508
2546 799
2337 2407
1137 2941
2123 2383
2401 1835
2972 425
112 1648
46 2364
239 2457
2956 2226
2036 600
297 1794
869 1472
2088 211
3039 1912
2162 1326
216 2495
1032 602
1934 1609
1878 2887
1266 2102
955 1240
39 635
1512 1164
1973 235
1434 2640
1464 562
247 1955
1709 475
1890 1796
1185 461
2485 2712
2210 1310
2329 986
103 731
1187 2468
847 1166
410 886
1355 1903
2268 1329
2906 2247
944 828
2649 782
1151 834
57 215
1933 599
736 403
522 1760
1421 1602
2216 2847
247 2565
2595 989
714 2558
2333 2648
1160 2505
2668 559
1004 2927
2388 64
2246 561
2183 1689
1397 2606
987 2309
1760 147
1773 1411
1042 1329
2494 2020
2483 2144
1410 1963
2217 1506
2198 1130
2177 762
753 1566
1346 1534
2058 358
1937 2141
1581 1832
1456 2866
2315 203
2426 2573
306 1060
2047 166
1568 2655
1433 853
2143 1631
2790 2277
1328 472
172 1820
978 464
2957 981
1521 474
2229 20
2236 768
2142 2065
423 2385
2504 1283
2131 109
1634 1948
680 1691
614 1313
2951 2754
1539 2852
3032 209
477 1690
1318 1448
2443 3038
826 1847
2504 268
877 2931
1640 1490
2338 2143
2412 1044
927 1157
1705 2974
2230 2776
1812 1050
952 937
1368 1914
2747 1089
1402 1498
1780 18
34 1677
1952 1353
2341 2440
2458 1469
1052 1857
2626 811
2711 879
51 2778
589 1201
3037 1900
2662 547
527 1954
244 2885
931 844
921 1782
3056 247
2052 9
1696 475
1996 1660
161 2072
2769 2062
1263 1730
1657 2853
3071 884
2121 213
894 132
1095 2862
2200 760
1331 1362
1686 2424
13 2362
875 1591
1582 3018
312 2801
2126 2510
186 1958
938 1842
222 170
363 1336
2393 2975
1567 1658
869 107
1793 2547
104 2313
958 599
2220 2290
2769 680
1666 1903
63 1065
2866 156
250 202
2418 2367
3026 2371
2183 665
1064 1688
703 1256
1991 747
856 1503
1467 811
2450 1066
1494 1970
2378 1623
305 318
231 2539
1136 2687
1657 2777
1139 2949
871 2752
2827 841
383 2097
1437 2252
1693 928
2303 2364
1178 1373
2043 574
2664 1331
498 925
2714 2170
2315 1143
880 1408
234 1145
1201 1760
1837 57
3016 2047
686 1758
1107 81
126 2339
2646 520
1973 704
2809 1593
325 1255
471 1641
2367 1860
400 1203
1459 1537
1382 1125
118 1271
2693 2214
2712 2660
2573 2436
2711 2316
2782 516
1261 2626
1360 632
3038 1223
1037 1455
358 889
1704 361
2516 1397
767 2392
660 1799
492 248
1801 1908
2971 1847
530 694
154 827
2879 2424
356 719
2045 1547
1208 2254
750 2422
983 1973
125 845
2949 2697
844 2500
360 311
75 435
2716 1691
386 2962
421 145
40 768
1604 497
2058 2742
2988 2976
2794 1942
1428 584
2399 2082
1056 815
2766 2914
1097 2482
2981 531
988 1292
2673 1547
1066 2356
407 1667
2366 532
182 1800
2402 804
657 1835
6 1163
1641 1199
153 446
799 2386
295 916
2093 355
1595 1746
2539 2371
2256 14
1657 584
2445 2014
1995 2287
1986 2238
1715 2837
1327 2824
2336 896
715 506
2627 1600
204 1994
2536 774
1947 1232
890 2022
1045 2926
1563 1854
2249 1076
2677 2757
431 1056
1279 1525
2837 467
797 53
256 1994
2882 1586
2474 2798
162 243
983 201
831 2719
2432 1025
393 257
645 167
109 2122
2671 1406
1114 1843
1502 2578
2837 231
2008 281
1018 1530
115 167
2612 3082
2035 1885
591 658
1471 1179
1554 1207
2126 2408
611 1891
2037 1726
3079 1360
2395 2426
3051 807
3028 2342
2479 1202
676 2915
465 868
1860 2733
280 1075
1899 2555
742 238
2432 394
655 1887
2127 1240
1421 2075
154 1050
370 1552
2236 1813
2637 2390
2630 1403
1281 2590
1144 714
858 213
2495 2885
318 222
1415 226
1787 2196
184 1670
2329 618
678 2230
1921 449
2745 3000
1364 2450
1250 1913
2503 278
1315 2037
615 2604
2656 2188
965 1646
1566 2735
2645 2772
843 1991
1400 9
1452 2564
2618 2222
588 1811
191 2095
2406 2118
772 141
1698 666
229 1205
1184 424
2722 1872
3025 232
2387 1979
1725 2869
340 2483
684 168
1540 1822
2998 436
860 76
2147 810
71 32
1559 1924
1599 227
1734 2999
2025 2107
2123 2059
615 1259
1603 2724
2986 2954
1128 1921
916 1598
2767 1824
387 3073
1940 1315
1330 1098
2203 2577
183 202
428 1411
1212 2584
811 1895
2496 657
993 51
2528 459
569 2677
2795 908
2308 646
253 889
1698 721
1510 1897
2480 2288
148 2949
1100 203
2927 2549
2808 2799
1879 1938
2415 204
1235 2891
916 3003
2184 2559
1130 999
27 2087
2841 2913
316 1254
1471 2829
28 2657
2923 699
2242 2550
1641 1697
1326 1026
341 2426
2479 2169
804 1218
831 456
1739 2201
1147 307
1971 2336
652 2612
2922 645
2207 1946
2186 2681
681 800
3061 1509
335 671
912 1010
1399 1564
152 1182
1351 104
2226 2903
610 1181
2058 930
1219 2260
1053 1682
2099 2939
478 1016
82 1442
332 2882
94 1138
1195 1980
1694 2793
2671 366
2087 1545
2474 1765
1825 2561
415 592
510 1394
1987 1118
1330 816
207 2680
1094 1782
1785 2911
1412 1865
609 1836
2050 2946
187 1314
236 772
761 1645
847 2854
2482 3070
2718 963
826 1189
1782 1630
2053 270
1815 2422
1386 803
813 539
169 2418
2343 1500
2317 1227
853 270
2421 2624
2999 1157
569 2784
1056 259
1861 1074
2475 2512
2874 233
1506 2123
2363 2242
2691 2650
304 640
1157 1834
1781 2767
1165 1525
1370 1553
44 1167
344 153
379 3035
1814 582
2325 1701
2157 1933
3039 946
1423 2766
790 1082
419 2144
1241 1630
22 3016
1011 2250
2240 1834
1077 793
2687 342
1578 1087
2369 2768
2833 2076
1369 1145
969 580
1212 2477
1401 1571
2543 2144
2127 1199
1621 2073
1186 1048
2063 1330
923 1092
1253 1887
2593 2018
392 2504
2429 1529
1906 2613
1057 276
1338 2715
943 95
452 447
229 1063
1687 1990
1057 663
1290 2308
2793 2969
2084 711
1439 2773
2455 2147
2270 1078
2723 752
221 1469
808 2370
666 2250
1285 328
1774 2087
2146 18
1050 694
1713 2332
1006 332
409 2902
1502 588
2560 272
274 2791
2523 1144
1160 450
2048 607
2402 1800
1386 658
2603 2403
1507 1634
871 2048
1002 1173
586 2464
2683 1304
167 2236
2307 3083
445 2534
4 2056
1817 2721
1704 1265
2002 2212
825 1004
1628 2189
2501 2870
1390 94
777 1449
2241 629
2064 2408
2284 2347
1082 1953
2729 801
509 990
2575 1768
2339 771
2281 359
2774 1736
1083 586
2563 2908
910 2475
2325 2688
1073 2342
1187 1936
1912 2900
1733 75
838 342
1054 508
2592 596
3053 2551
3009 1471
861 288
1754 91
2685 1852
2515 266
2857 1628
1234 1684
2691 1977
928 52
272 1
2717 2285
2045 2573
907 1041
2443 2958
75 2119
2130 588
608 1753
2167 1575
2065 2933
2057 649
2513 2089
270 2575
2716 228
1852 97
1560 1689
429 1609
681 2992
953 787
1712 1078
122 460
2869 1359
2230 2806
1046 146
503 1525
476 1154
1274 1090
2687 2009
1300 2219
294 1988
486 1838
2931 794
2535 1559
63 1967
1573 391
1137 1870
2327 2476
2833 2406
2476 3027
1606 182
651 488
2745 2589
194 3050
2010 2123
96 1530
421 1196
178 1726
688 1969
2293 2978
260 2296
2794 2157
1639 2608
1428 615
80 225
639 726
2343 1111
618 2622
2446 26
913 3060
156 2524
2900 1812
73 2268
2849 2733
661 1005
928 620
1884 1002
1560 2312
835 351
21 2069
159 2331
2347 979
2526 2229
2912 2160
705 559
2811 620
76 739
167 78
1732 2341
1699 2826
536 2851
767 1216
315 340
2222 2745
2961 1447
2415 2728
2234 2529
1316 1690
453 2388
1922 684
612 1642
578 2159
1719 2032
4 601
2247 2120
2087 834
1307 158
344 1081
1952 1662
2005 526
77 1950
602 2052
7 2146
295 1972
1666 101
2111 27
2552 1490
1764 1457
3020 425
1036 130
186 542
1702 1405
2179 1741
1211 2544
1738 1543
1850 3067
2224 2260
203 2733
154 1745
1057 2851
1799 59
141 3036
803 1292
147 2010
2028 1372
928 723
2293 1486
143 2708
734 2585
1168 1226
2430 759
266 2883
2289 3055
2221 1051
437 2032
289 2499
3075 2983
781 1628
1794 1445
310 789
2593 1029
1813 534
2713 1035
2816 762
1457 1090
339 2663
2901 1126
2886 574
1115 1243
1451 2914
2107 796
458 1991
1514 2914
1296 566
548 660
2797 1565
3058 1786
2783 2073
576 1707
2511 588
461 386
2272 1665
2129 1514
835 2451
1210 31
434 1571
121 1335
178 3003
2258 3001
2948 1691
838 2009
2557 1596
1514 1194
2818 1297
65 128
682 1778
2785 15
1336 2393
556 1178
1000 1287
832 1080
2518 2452
1228 1976
201 1033
580 557
789 2945
901 2993
970 2609
2619 1051
1723 2418
3011 2505
1534 2084
409 277
741 2803
865 1524
900 951
278 2608
388 1517
1741 2285
621 2520
499 2588
2534 2821
1298 3009
2087 1066
2399 1523
11 1411
1879 1088
2941 1094
152 421
2771 762
2390 391
1263 1865
1325 989
2373 848
515 219
1409 2293
2707 2172
2535 472
932 1450
711 1709
2512 1945
1703 124
102 3027
462 874
2837 2388
2725 1622
2621 1717
517 2534
1201 334
1575 360
1354 2486
2822 1757
1942 2511
238 2156
2342 2622
2068 935
957 883
355 1743
1027 2108
567 318
3043 837
2463 18
1264 1310
2899 2974
1047 2944
2655 815
1277 1388
2054 791
2049 2422
1187 1383
1239 99
2060 1180
2715 2244
2446 2632
1183 755
1906 170
2373 1136
1856 2622
880 248
527 1148
909 2950
3010 941
2161 2639
1783 1877
33 3038
374 712
365 286
1094 860
982 1883
1995 2170
1196 2588
1311 2398
2695 1942
190 426
345 1019
524 1565
945 247
1479 373
711 424
1049 465
1458 706
2499 1988
1962 2463
2804 2111
2240 846
1714 2992
301 2193
1478 2016
400 1683
1739 1561
359 1695
307 595
2475 3039
1664 2651
159 805
805 2661
1556 985
899 2544
1717 910
1697 119
1008 1696
2190 2408
2299 1773
3025 2350
2593 2873
1091 1860
1472 919
850 1649
3047 2271
2285 1001
2973 1479
105 522
1063 2215
1802 2657
2594 34
2160 192
1183 3075
1274 1228
2893 19
1590 2756
1942 2473
2154 676
3012 2380
1217 915
33 701
1387 1101
1833 698
2980 1954
1557 560
504 294
780 2967
2394 97
1783 350
52 1477
1982 219
2405 2045
1330 1911
1262 1757
2213 1670
2116 782
2749 1703
3034 2068
2650 1445
2753 2670
1725 966
1042 727
535 1312
2012 233
1904 2549
1544 1123
2911 1696
1481 379
1765 731
2503 2566
135 1712
1762 113
414 2155
1868 1067
886 1929
2245 363
1788 2668
1814 2743
1620 752
2646 376
2150 2455
882 1157
493 50
218 1738
456 1275
2438 2558
2741 656
386 1378
1546 852
2245 1623
2254 179
859 2284
222 2128
308 2262
2471 1097
456 1112
1971 989
1835 1332
2828 755
685 1960
1512 356
2245 299
2246 818
2643 1179
2594 203
2924 2748
1446 1106
2449 1785
1214 2206
2690 3041
346 258
529 1868
791 1690
674 2059
1209 102
1842 2236
1658 2594
554 2671
146 375
1104 1988
1476 938
246 1909
1120 1992
2159 128
1859 2444
1668 3036
1038 1323
1166 675
2719 751
2253 1990
2940 2961
1805 2597
1075 374
506 376
1451 2104
956 1683
585 353
1401 496
2951 2842
376 267
2960 2403
2099 3037
1859 202
1080 290
313 2767
998 1397
2158 160
1883 1711
2153 1633
29 1492
2042 1919
311 803
88 324
624 578
180 1562
806 1215
3026 1038
27 2737
2579 846
2391 2497
2481 1768
3020 1053
2325 1831
280 2934
2353 1944
3005 2662
1906 2576
2148 2930
1194 2476
1665 1753
1468 511
2150 1822
535 904
1112 2286
2382 3054
1955 899
2136 21
2873 2811
1830 2339
2406 2911
2250 2081
1879 1322
1424 1884
1014 149
2035 2479
998 1106
1884 1213
2693 2876
1067 2861
1022 295
385 1682
2226 3012
886 914
1434 753
939 1535
2037 1566
1611 2255
2632 38
1200 767
1817 3050
1778 906
946 1488
2979 1177
2534 582
976 479
1914 617
282 1027
1689 2335
2617 2190
2094 2542
1326 2857
2716 2770
418 406
292 358
2758 2765
1243 1484
2562 200
2922 301
245 1003
2578 687
441 768
2254 2996
2939 513
1899 20
2191 2496
