440 421 129 5292 5920
1553 2697
5 4211
3563 3128
3184 4321
4083 1686
237 4803
674 1046
3317 3624
4332 4294
51 501
5022 3306
4658 415
1266 1363
3212 3889
4395 1283
1478 3657
1278 2008
4568 972
4406 3290
2522 4889
1446 3983
26 1330
1878 3112
3161 3148
3113 4367
3858 2113
1079 4032
4941 242
2636 3944
2389 3615
3146 4467
4407 778
3769 1230
4003 491
4737 989
4072 4904
1418 988
1008 287
2688 3956
3364 3261
4297 1113
3019 5212
1445 3464
57 5016
247 1620
4074 344
2128 2369
874 1450
1611 2257
3259 909
3006 2837
811 5001
883 2636
3707 2455
3189 3114
113 4382
2980 3510
935 1560
1013 337
2716 622
2347 3511
2918 1819
2555 3935
4248 4074
939 3356
4004 2808
2356 105
4503 565
4598 1014
1274 4882
187 4156
51 4884
496 2890
1132 5222
3319 4434
851 3603
5119 2075
1064 4340
2210 1102
527 3189
4148 4557
1993 5081
1557 3913
3265 4782
4811 2620
1437 3108
1503 5254
3039 872
2916 4909
3217 832
1344 5241
3093 5171
110 1496
939 4579
916 3483
934 1248
2663 3107
4121 28
5192 3500
3377 1117
4649 2155
3815 4222
4612 1528
2572 1067
2705 2952
1928 4911
2622 4729
106 4603
2731 4799
1027 406
2279 2411
76 1776
1083 161
253 1785
1439 4523
3640 4203
509 5284
175 3174
2164 840
940 2987
3658 1509
1504 4172
1801 1746
5112 1356
819 5292
4680 2091
2080 218
3094 3733
1744 4477
938 594
450 97
2913 4259
2821 1944
4230 2640
3260 2355
1153 348
2556 1282
4992 2391
4934 747
3459 1182
132 1669
4214 2364
1041 4296
4919 3050
2625 3345
1473 3669
5266 723
4284 5290
1605 1001
3623 3607
4679 648
4442 4576
4648 1082
1132 5105
3542 3886
4078 1912
2857 887
4123 3719
3628 4024
700 142
3894 5046
1869 754
3297 2138
4282 2150
2978 3018
4362 2470
5152 4694
4461 4054
238 3428
2510 5151
3052 1905
3833 2915
690 4698
4414 2607
1229 2285
887 4984
4292 2214
2439 3272
515 2103
750 3561
4369 3530
3575 596
1548 1277
642 909
4856 556
2262 544
5270 4550
119 3862
1040 1994
5079 2951
137 2597
2677 1618
4361 1593
3021 2440
997 2025
2182 1422
7 767
3098 1971
4617 2307
3126 905
2756 4308
197 4267
1301 3302
1036 4823
3013 1138
1444 2246
327 4215
3261 4580
963 5099
2398 2972
1381 745
2227 483
1490 3633
992 4334
3722 2703
1677 849
1451 179
4760 1525
1373 5011
3572 1380
1246 3158
1976 4801
181 1079
3491 1547
1572 5
4767 2236
3254 586
434 3720
265 507
4627 5043
4036 528
1688 2834
1798 4173
2822 419
1969 2814
3067 707
4224 3634
3334 4659
2692 225
3315 4571
3578 287
3002 3804
2446 194
4496 4237
1615 1860
1328 1192
2169 3252
3909 514
3049 4378
2653 2891
5110 4065
456 1781
3862 4561
3868 2828
504 2855
447 2197
453 1952
4960 2187
4277 4545
3400 1419
4915 3039
2837 773
3877 260
2462 1354
3148 4872
466 5118
1103 1691
4647 1910
2867 3567
597 134
4059 2478
3324 1667
460 4114
4128 1611
642 3278
1487 3575
3462 4094
3471 1708
56 2093
1079 2242
1215 363
4243 1668
2851 3149
1749 4605
2200 3830
1401 3866
251 2299
3033 415
1636 162
460 1245
3324 5225
267 4800
5016 1035
4970 1446
3601 1672
4768 4016
4096 311
2754 154
474 4756
1715 4931
2424 1375
3016 3018
2976 193
2326 1596
5266 736
574 2129
3564 1877
1629 960
2669 1471
2175 896
2622 2234
3791 5024
1341 3157
2038 1031
2955 4186
4638 700
3939 4326
3554 4868
483 3044
1758 904
38 4943
764 3377
2819 3986
3246 780
4519 560
4081 1173
2086 4003
2958 200
3045 2831
5109 1519
3702 289
2221 4525
4375 2818
663 990
3583 83
1930 4116
718 789
2505 4500
2906 417
2392 1428
1301 4328
2224 2997
2962 3170
3095 3976
3378 1777
969 1568
5226 3850
3548 2776
711 659
5144 3260
1600 954
2810 1031
4367 3725
4331 856
4739 3478
634 368
284 3089
3947 3616
643 1763
4006 1982
3952 4281
4292 3454
4068 4000
4464 3029
5139 3855
4357 5142
4416 2095
1339 5257
3691 2057
1952 2120
1772 340
3465 2825
1270 1660
2067 563
3514 1467
2183 2820
653 4575
3107 965
4412 2251
3675 430
900 2909
1484 4393
231 4867
3617 4341
3710 954
3190 2272
5108 643
492 2082
2632 1712
2858 1998
3863 2442
5111 2004
2907 4590
3865 1856
4856 1691
4170 1766
4703 1176
2194 2997
4754 2270
971 2815
3396 907
2593 1768
5180 2496
3944 2356
341 5223
5090 3320
5251 226
2998 4814
312 3636
345 52
1761 477
2317 3848
2765 2713
2824 3587
1146 4613
2961 522
2824 177
4532 2127
4808 3713
2601 4828
219 4842
1892 3059
1480 2632
2764 4263
2908 1476
4636 2607
4312 4683
920 156
4287 3648
3092 2466
4285 566
1921 4862
1829 4427
3890 624
246 5112
3784 1875
2010 3415
3230 1567
4181 1504
3544 3784
276 434
2268 395
1408 4950
1100 3431
5096 4855
1707 916
5199 1409
3828 4929
620 2332
930 5121
4580 574
3706 2710
3164 5174
4662 2764
4575 4435
536 4381
2646 3276
2397 1071
4304 3490
330 100
4446 3811
4010 4899
1796 2284
5172 1951
2271 756
2655 4668
1794 4871
1892 1290
2625 774
2756 5264
2768 2631
1786 4131
4800 1495
1626 4317
1508 3949
6 39
5178 3223
5077 3150
3387 3842
2661 2276
2226 2162
4027 2934
647 1171
4330 331
2750 2916
1562 2948
2560 199
420 1825
3026 1931
1368 1599
1541 2311
1831 3655
4018 3683
4320 5286
88 2920
540 4268
2823 3870
325 1765
2339 4615
599 193
1908 2234
3874 1993
4665 404
4487 1811
3017 2048
1501 618
1227 257
521 2062
4721 5032
3920 4758
3380 3407
5248 4115
3075 135
67 2017
2035 688
1016 4060
1868 2784
909 5050
1385 4345
380 2287
1249 685
4091 4421
1231 2085
2550 4798
4363 5219
2544 4459
1935 3287
3972 4604
4241 2519
3173 3531
120 1354
3508 2745
4201 4879
3477 1057
3171 1929
4730 2930
3732 2348
850 4977
1345 1526
4738 1595
3122 3170
1348 5276
5277 2530
499 535
2662 3958
3978 5056
1381 3624
3964 1817
37 4584
154 1966
4396 1281
1917 1360
4323 2471
4021 1685
460 59
3680 2807
179 4317
1605 2464
359 454
5239 1364
4135 4869
36 1152
1904 3720
230 2840
1152 55
5079 3429
1520 4681
304 1084
5020 5097
323 2318
2338 2660
2364 3007
625 1687
4210 2679
288 2766
1399 2187
3840 2886
414 511
5097 778
1747 1632
3871 2369
1123 1803
5098 4942
995 3715
397 4451
2354 3421
2912 307
1005 2267
2097 5237
1516 1164
4586 244
3638 2975
4281 68
2244 929
1308 1224
2480 1526
4901 3626
2819 2788
4592 3218
3179 704
3225 2292
4033 2417
4549 208
4231 3440
3186 4255
1042 1584
3742 4087
4859 1698
2540 5033
5111 225
5063 2201
3019 265
3766 4455
1251 4327
3938 508
2805 3175
2569 2936
2855 1153
220 4480
4389 417
1113 3541
4511 2887
2534 3679
465 5092
3155 3793
1799 511
5028 1193
2910 1999
4718 3927
2797 4152
532 3348
961 1209
4271 4797
1957 2930
3134 3399
1779 5145
2464 4504
3364 5243
1762 4699
1663 4928
2796 2400
1887 131
4775 5142
3540 992
2985 2230
4812 284
2676 2143
982 474
335 3528
3701 3103
2820 3460
1546 546
2071 4702
1107 3577
3843 2685
3897 1536
2837 3645
163 475
222 3570
2572 2378
1862 5007
5212 2394
4198 1385
536 1948
1082 254
1973 796
1801 963
1743 868
3586 3391
3059 2801
4353 3792
1220 282
1844 2900
3839 2523
2613 3995
5240 1494
2452 1535
727 3551
294 3731
2022 1756
5089 2376
4498 2736
1946 2447
3620 4339
3710 1600
3733 1654
4517 3202
635 378
5142 2330
2844 264
1018 4802
1509 3676
833 1577
871 3903
209 703
4330 158
4436 2849
4517 491
450 1728
2186 1447
4242 4354
948 2474
3638 4442
3658 4895
3941 772
615 1259
4365 703
1604 3260
2215 2737
922 2998
1539 3400
573 1235
2949 466
3855 4129
1833 4613
3076 3674
1164 1614
391 135
477 4005
2276 772
1128 5006
680 2824
4826 3755
2885 505
1246 5286
392 3099
3022 4722
144 2067
1602 248
3461 2892
4999 1238
985 3580
3519 965
3589 2914
1026 5213
85 5172
4523 1644
1730 4385
4347 2365
1886 2951
2575 4199
5211 4622
4587 4821
5172 2261
1828 1472
598 3194
1677 1417
1930 485
2077 555
3354 520
3705 2303
2664 1131
2344 5225
1796 4336
3243 4380
1598 1696
1848 2553
1247 1151
747 2032
662 2020
758 3622
5128 421
403 5170
4326 1144
1586 1956
3095 3732
4095 2895
2942 3066
538 3089
3281 4837
4352 4823
1808 3513
1370 969
2860 3756
4902 2970
3841 1017
621 5092
4542 3613
2190 4486
3770 625
1084 4159
2583 2036
159 3062
2255 4921
638 4322
4335 3084
3402 987
1065 4370
4669 5118
4085 4019
2101 5157
2300 3071
3160 1621
1451 2141
5025 2312
1973 879
3488 189
1489 2948
2941 1630
4748 4059
4687 4554
2972 986
2290 3077
898 4881
4543 182
4784 4356
4698 1045
3379 3116
1139 5286
1415 5165
2336 4138
4947 4057
2778 984
5192 3878
3748 533
3402 2541
3215 3521
1081 1145
1039 1945
1800 3715
2698 3003
224 4668
3444 3738
4450 1332
4316 1719
4385 286
3922 4670
1263 4898
3808 1433
1034 4708
3963 1076
2434 2690
3839 1523
4946 1091
3614 2594
3763 3742
3882 2171
2140 4581
547 4363
4117 1433
254 3453
2595 2204
2301 2926
1542 4945
671 3352
3900 4342
2481 1217
1057 1313
4906 4930
2145 977
4774 4918
497 817
1303 4810
1111 2231
2444 1162
1650 394
2586 1412
901 4180
2481 1430
860 3361
1032 3057
1902 4413
3367 2543
4456 2062
1534 3401
371 1937
2313 4259
3870 2266
3884 4031
4935 4023
699 999
3156 1569
3741 3849
3724 3698
2956 795
3681 4527
3518 353
1095 5287
2321 4251
4744 2551
2608 4438
1649 2314
1879 4491
164 2984
2725 4536
5227 127
5136 4060
4425 1286
4136 2011
661 4522
4678 121
1605 368
931 4770
682 2057
2852 413
1431 4361
1650 2917
3341 1626
2965 17
4478 1065
46 2455
3912 4765
738 2823
45 2407
4169 1723
3295 364
673 4573
4387 4759
4889 4460
727 3122
5238 5047
4043 500
1178 2069
4716 1634
1975 1168
2124 2816
5243 337
399 2623
4459 1062
2377 3492
2957 3165
4218 3263
1291 4532
2479 1398
4512 2374
2241 2071
2546 2509
2691 4429
302 1867
4503 4244
3646 1066
4876 4472
4057 1011
4853 1915
4111 3064
1131 2034
3352 4465
858 2896
217 4802
4421 3679
3240 3339
3612 1161
3428 2134
2302 1758
4596 4458
702 1656
5007 3139
1541 1779
742 504
4939 2156
1015 5162
2064 955
2507 2750
1909 2933
1421 5141
3743 2051
4356 1992
1596 5291
5287 3875
3687 4193
3729 2521
2077 3879
3002 1888
388 4725
1075 553
118 5142
2415 2538
3235 223
943 4894
1413 2843
2996 2157
1788 149
3597 3539
540 2593
513 2985
2111 2432
1192 2043
4025 3884
87 3498
4795 1241
2897 3674
3995 1674
4706 3195
1379 4256
3596 759
2908 1720
647 4651
5075 2720
1420 753
4761 474
3818 2932
731 4553
3987 4621
2137 4439
3672 3971
5179 2747
3495 5182
4363 4739
4229 1264
730 414
4176 4577
31 1069
1340 3201
223 410
1384 2115
3890 4794
2747 3346
1320 3762
3747 458
3703 3275
1398 4150
774 2491
728 1713
3657 3237
64 2676
3088 488
2226 2484
1985 5262
1212 2682
2552 5275
50 2772
5106 2947
2023 4059
2533 2802
1507 1158
5191 1271
1583 907
4359 5141
4440 2015
2031 4056
2135 1460
54 5222
361 2974
4606 1729
2755 5069
1539 3089
3948 1797
1486 4216
3433 1341
4079 4723
3610 2043
4492 1465
1635 4672
4840 261
1279 2256
1201 229
4865 3625
1564 2999
3742 3598
5225 673
4483 4583
4561 10
4978 2511
5140 3061
4105 1794
4081 4813
2600 3172
5142 3962
1331 1944
4211 1749
3897 1064
3566 2283
3295 1557
695 3694
236 4175
5209 4103
396 2546
4614 1697
2565 3562
4118 2041
4815 4977
2070 449
3971 4878
494 4917
4968 1970
1563 4443
2289 1129
2236 5036
4153 1265
2527 186
4921 2640
3082 2488
3249 3929
729 4023
4020 4238
758 3245
3727 3214
1659 5202
1906 1565
3962 2330
1924 3782
3286 3475
3115 768
5000 2982
2206 4139
3881 3263
4984 899
3581 2136
4751 1046
2060 720
930 4531
4349 301
2611 4183
1101 847
5259 2041
5087 1497
4730 362
4763 3632
4824 4047
1746 5289
1593 3883
676 101
974 1516
667 1873
2433 2284
2322 3164
318 2174
890 4962
1882 367
4232 3902
4364 5042
3308 1924
2122 4852
4022 180
3316 4205
1236 2698
854 4093
1159 562
4574 652
3645 507
250 297
548 1480
5006 5160
3816 99
4976 3670
2157 4730
1208 1555
2418 4326
3553 2030
689 2268
3414 1223
163 109
1556 50
4576 3037
3365 959
1714 4370
2295 214
844 3823
1568 27
2161 3460
3837 886
4310 1255
5198 4160
3866 1919
2380 3055
2286 2495
896 1890
2103 2547
4714 411
4177 2741
1671 4346
2714 4715
3633 765
1172 2221
4713 790
1239 3419
330 4379
2924 1243
3256 2050
5274 5158
4130 444
3811 3818
1816 4477
3777 4255
2833 1069
2308 4395
4912 4684
569 4726
778 3591
291 2441
4173 3753
3844 2013
1153 891
1911 5220
1391 467
3119 408
3565 3569
4334 519
4765 3888
140 5137
654 3980
5066 3790
702 4222
1927 3778
1593 1806
4513 1124
987 3040
340 2562
1682 2450
3825 3205
277 4338
3133 4315
4927 2800
3634 4618
119 3932
455 2055
511 2989
4952 2456
1734 207
1709 2387
1313 187
2874 4536
1779 2311
480 1925
2213 3318
1606 862
4341 2451
4240 1091
167 2052
3635 3445
4725 4230
580 721
1447 3851
3892 2538
1787 2718
280 604
4487 5009
1793 1663
4712 2275
3512 5105
47 175
3391 1008
2299 3275
497 1412
704 621
3082 2042
1800 3734
1347 1522
1549 2888
897 443
1751 1917
958 4611
3216 1447
2945 2996
224 3962
513 4305
3473 1894
1474 4746
2423 1401
3776 2659
2822 428
1589 1675
2167 3845
5264 1362
5087 23
1691 2326
863 3634
3795 1588
4295 2631
1956 822
3405 2849
4514 5191
1213 5290
2912 4194
2258 3417
5035 924
884 712
1062 2544
2899 462
3270 1507
1272 2725
2103 5058
5122 232
3125 3042
4119 4270
1030 2774
3574 313
1430 4605
1369 2398
1658 1863
415 226
4001 3078
4496 5073
2145 1408
1966 4973
4236 2497
878 1617
3695 4785
3249 4594
4494 2382
3068 1306
3079 5061
1329 1204
3900 1803
512 3123
715 213
5117 196
4322 180
3301 3584
114 1891
376 3243
3799 3904
1601 3602
1731 5021
5258 590
1794 1374
1742 3992
3651 3318
2118 883
60 1094
2699 2199
201 4356
4920 1828
245 2422
4182 5261
4967 1364
2971 2856
1005 2803
803 5132
3106 4088
3256 3145
2243 261
1425 3923
2755 1139
5122 3786
178 2605
194 307
29 1521
4330 3610
172 2158
4009 4318
3662 2045
1860 5143
2921 319
2809 1048
2774 3327
486 3690
4917 4346
4957 72
5121 99
4042 95
153 476
4269 133
1914 4892
220 1641
3435 3031
268 5068
817 3007
3129 2388
3237 5176
1330 4482
5231 4375
5012 2365
854 1302
2210 4551
843 2174
3471 4997
3507 5154
54 1565
1176 1168
2571 1928
4266 835
2139 4084
4122 996
1736 2803
4077 5204
3621 3510
638 4568
1683 1079
2204 2983
3406 1435
4138 1650
3711 1432
3300 4174
2947 1858
4142 4006
1221 3520
3442 2028
4290 369
4515 3490
4904 1734
3564 1156
320 5014
4420 2418
1455 718
35 151
4360 1607
3174 87
4987 2853
288 5234
3637 3916
2792 2869
3031 550
2839 1907
3867 256
4788 3213
3016 2866
1255 190
3969 1638
2360 3476
4589 2781
2655 5142
4885 1100
184 826
1733 2435
1120 668
1541 2536
1718 5157
3835 4044
4464 3773
556 1103
30 3781
4888 170
2209 4124
3279 1300
952 4764
3781 2760
3221 4132
1141 4702
3929 4873
1098 4569
567 4184
3760 4731
3374 143
3463 1138
5069 256
508 3092
4692 5057
2508 4712
4045 732
3661 3328
2504 2839
2739 1983
1678 4565
296 4160
800 1256
4525 34
503 895
266 1286
1212 2176
2343 2411
1952 2030
12 1505
4756 3152
2125 1838
2979 2755
5154 974
2960 3601
3922 2141
3478 569
481 4437
357 639
1037 2456
3826 3921
3997 3385
2661 2127
812 65
2074 4763
288 2103
1621 3109
4649 2146
4688 1268
3061 4325
4666 2477
4505 4014
4118 5228
3753 736
1080 384
2082 1610
703 276
3760 1428
2436 821
1909 4903
3080 2536
1102 1727
2731 2582
872 4690
4963 1770
2829 2146
3379 2027
4770 2313
2483 1427
2473 607
758 31
4033 705
3598 2685
3550 3663
4156 4498
1276 618
4118 5213
169 3524
1812 2421
3433 1380
73 3936
3018 1041
1820 1452
3680 530
484 2501
544 830
1205 1267
935 2352
5232 1543
2180 953
468 1322
4126 4508
3609 1849
4869 2465
1906 4995
1270 3767
3271 5076
3893 2336
4364 1244
1163 782
4133 3393
4401 4506
2188 5169
313 2693
5258 748
4032 4381
4100 25
4833 1094
5096 753
4851 3209
3236 1558
4494 2769
5268 1339
2000 2215
2608 4053
4035 3660
1234 3415
1310 4469
3275 2609
1009 871
866 146
2450 1486
2949 1863
1522 3771
2443 2856
4956 2545
2637 2297
76 1543
3441 4908
1932 1949
5188 4328
4254 3256
4488 1253
4220 4213
4028 1135
2361 3573
1920 4793
1014 4093
3559 2907
3141 1868
541 703
2107 5059
1327 4482
2770 1865
1115 3731
3496 443
2165 3900
1961 3707
4473 2475
728 1994
2985 2524
3187 2474
2227 1552
4615 4677
3125 1532
3308 3472
2525 1345
1989 3028
339 3247
3421 3544
5188 402
64 2522
2734 2634
1127 2773
2221 1135
4377 1159
1482 2799
4484 1354
4492 1248
4199 865
2146 3985
2079 910
314 5198
5051 1459
192 1954
20 60
3040 4980
3517 3062
3143 702
5070 4069
2374 2152
136 1259
1296 1462
2519 5279
4135 3368
89 2543
3243 4534
768 2176
1303 3479
4891 296
2029 4949
3923 39
2664 2484
518 4719
4709 1392
402 3284
4543 3207
2871 1604
4112 5175
1829 2038
5177 1468
1307 3652
255 1242
3516 3083
5019 1439
1260 3414
3131 2850
2247 2211
4993 1712
1338 3944
3025 1738
2285 3533
4711 3957
1172 175
2289 1776
3091 5224
5283 4469
2328 1383
2388 4357
3124 4054
1732 2267
2026 2001
3501 1051
4399 356
4847 4171
4163 2278
3132 3283
744 3043
947 3707
1481 2292
3434 3880
672 617
1058 4509
3090 3250
3070 4091
413 3994
4040 1851
2104 2712
925 126
2614 4558
426 2086
684 2372
3882 215
3588 3491
934 4617
4504 4506
3712 2442
4724 165
3899 374
451 1575
1153 878
1995 5055
1715 491
4481 712
3032 1141
3323 4073
558 2216
5116 1630
4175 4241
1533 2795
2830 2251
464 1218
2761 3234
945 3914
3419 681
1271 3918
2599 4853
785 2338
2926 4060
4319 3208
4556 4717
4614 2863
1288 3401
4989 2273
1813 2467
2073 2934
2463 1760
281 1996
1239 681
4961 4220
641 770
5101 3312
2821 1288
2932 2724
787 2571
4085 5005
2316 1939
2780 3647
1245 5114
4804 4365
444 4086
3917 2532
4766 3304
2270 4518
4793 2265
2262 2956
4301 4203
4944 4926
1623 3176
2855 1470
1668 1081
4854 2119
4061 5196
4476 1937
630 2882
4713 1742
4914 2884
3648 4308
1896 332
2294 5093
3004 1864
4927 2639
2228 848
931 2313
706 4701
3984 1607
2718 4217
4115 1597
5073 4185
4926 5236
1721 2960
1641 3503
1733 4392
923 516
1722 3114
1963 1759
4547 4698
4444 299
3702 3317
2166 3451
4320 190
2662 2830
5047 1661
4075 1395
3058 941
2183 2653
578 3065
3748 4296
1545 2722
3692 793
3118 3562
4491 568
778 5045
277 3337
3820 3612
624 3576
4586 1297
4758 2533
2651 2254
2937 1037
204 3762
4883 2260
2473 1024
1354 5097
4687 3153
3905 40
1452 1011
3174 562
4600 1633
56 2216
2573 1888
3720 3842
1520 2212
2809 1191
2186 927
4200 2590
3113 2661
772 3468
5209 603
3175 290
4271 286
772 3321
2964 4196
1388 4839
2220 4988
2761 2461
2282 4396
5185 3496
1060 1818
3143 3524
4556 4886
4367 4532
3616 145
4811 4578
4114 4657
1628 5059
4980 373
1404 5151
4152 2565
1514 5062
138 4003
5176 4782
466 2616
2457 727
598 3378
5024 4346
3367 4127
3752 441
2905 1318
3996 4106
711 1384
4836 116
840 3868
3873 5080
4664 628
3436 4422
4726 3861
2596 494
2576 319
2537 2032
3166 431
1991 4400
566 2578
3267 3005
2331 984
1296 1499
5076 3821
1997 3805
1714 2842
3212 2879
3050 4774
901 436
3000 4933
1981 4286
2004 4959
531 2637
4309 4310
1898 3879
4342 1294
2921 2149
713 3735
1063 681
1976 2874
343 2075
1639 825
4916 2723
4 3551
1105 4257
3262 72
4207 4232
4372 1286
47 2221
2217 2271
2935 2646
3369 881
4741 3840
2574 4987
4343 4247
903 3203
835 4017
3716 4646
275 3512
1240 1188
3406 4484
1217 600
4577 3878
690 1128
4847 199
1824 2468
2904 1624
2056 4393
2802 3331
864 4419
1764 1714
4907 3375
4067 1716
2282 2564
4748 2017
3955 3332
3173 324
2219 1897
2153 5088
2524 3503
656 585
991 1936
1755 705
4524 1021
2384 4901
624 5110
5222 4720
298 4742
26 3386
4661 4565
32 741
322 2109
3115 5199
4208 4011
94 4563
4414 1632
5275 1207
4824 2914
2360 5006
1530 3134
1520 1196
3684 3635
543 232
168 1221
5193 5065
1661 4449
4007 1440
2862 1498
1696 5200
2406 2552
3990 1977
5143 2468
411 1367
2323 2377
1569 1950
2616 3195
2684 420
4832 4343
1871 4795
4407 1289
3817 2605
526 3445
3850 4807
1068 147
2308 5168
487 5074
3101 1778
4247 1979
2611 5089
4775 1573
3097 2777
1664 1274
3482 4699
1612 3615
1845 3355
3849 285
4781 4020
4190 2233
3072 3326
3896 519
3837 1429
5041 21
2991 4793
4636 878
1645 1948
4645 3758
2877 628
4827 2884
3443 3708
3373 3467
2686 2705
3430 1842
2652 3151
331 4978
3234 2702
4700 4779
3794 465
9 3097
1775 4090
4950 1128
1519 1469
3376 3142
3079 3370
5274 2390
69 5011
1517 2630
1524 4514
5149 1347
3355 3515
2721 2239
1793 2812
4238 311
156 3961
3065 4867
3417 2173
4514 4916
4218 435
802 3181
3187 817
1938 3787
951 4038
823 4383
4607 1408
798 310
3405 3560
871 1752
3161 2793
4899 1932
1902 4775
2740 1886
1038 2859
4639 2882
3745 2490
5016 3813
3613 3706
4219 3266
2451 2303
2556 2047
2140 4788
3225 2094
1558 2217
115 2861
4437 1175
391 2349
435 4510
308 3194
4362 1700
3757 4610
1225 1928
1527 3339
3073 4420
5265 2865
1041 2483
4855 1108
669 1206
3285 2717
1203 1482
4319 3036
1595 5134
1240 3020
5021 3311
3585 1151
50 2918
3197 4678
1973 3946
1900 4604
4354 1934
2490 2163
2516 1263
3777 2836
4644 3162
2458 114
3297 1676
3678 3979
2161 4005
3334 3266
756 2018
2084 206
2007 459
865 2575
3242 2459
4870 2430
3719 1493
2728 4312
3650 1281
2013 92
3478 805
4035 2700
4857 1782
4204 385
4790 4593
3012 3749
524 3532
3930 3573
2482 3348
1377 3555
649 3733
2527 1205
453 3728
2098 1913
963 1986
4415 2379
4089 3358
5001 1926
3315 1533
5015 2528
3135 4797
2407 1085
263 2005
1190 2021
970 905
1616 1582
4627 2275
3986 2589
3681 308
816 2635
350 798
1549 1968
2698 683
3740 3159
950 3186
5080 567
5254 2091
2813 4050
324 2612
2425 1252
2610 1701
1902 2330
876 4437
4025 2191
2840 3750
2858 4781
370 4959
4125 3219
3959 3669
4972 4771
437 849
2787 3452
1802 3114
1789 3096
2218 2744
4080 1243
2682 964
3727 3032
260 4475
4741 2278
857 2424
2328 1515
2416 2055
2427 1564
438 2774
4754 1574
1826 2050
952 1018
2589 3730
4632 495
4052 2523
3027 13
3018 966
1249 4544
657 4674
5255 5071
421 3630
227 1209
478 2587
409 3129
4794 1999
719 3896
1051 1922
5235 4314
141 817
1241 2790
2883 3627
2633 4461
3111 561
5006 4607
4863 3861
3229 3151
1546 3820
1455 1609
3528 1840
1360 5238
2259 2619
3927 747
1964 4591
1271 2723
2259 4275
372 4002
4381 181
743 2783
746 4564
5138 4874
4299 1125
400 3792
4531 3692
467 5008
648 3135
2544 3371
592 1437
752 1520
2320 686
324 33
2580 4126
5114 2209
5195 4391
777 4601
1982 3199
2237 3434
4462 2449
3276 3457
474 3074
688 1683
4695 4104
3140 4578
2959 3241
3826 2208
3390 4877
3106 3559
3116 362
4460 64
1253 3381
4155 3096
334 2042
1348 3608
3438 3697
3929 802
2806 3579
1337 3137
3012 2252
3584 4253
3915 2815
827 2620
3623 3163
4124 59
432 2421
1590 2080
2720 529
3052 3718
248 3736
4250 2988
1865 1718
2534 1400
4550 1049
1150 1603
2126 944
3820 1855
2238 1432
1257 4555
67 3765
4900 1106
1886 205
1598 4412
216 2195
2736 3424
4409 4746
73 1352
3875 144
2179 3325
5205 1101
4716 1044
3105 2630
242 5042
3590 890
283 4830
4355 613
3745 2979
4258 2657
4794 3576
3602 3710
2485 841
1787 3919
1179 986
4122 4512
3683 1888
5149 3771
1277 2666
4431 3155
427 994
3985 4649
5060 203
5081 1852
4456 1436
2482 1252
1147 3133
4709 1726
1513 4206
2943 3930
3282 1827
3330 4306
1393 197
2789 3891
3007 141
4559 2938
5096 269
555 1432
3273 632
3430 1910
3911 161
3118 3992
3196 1916
3785 4418
2641 3761
1557 1885
1293 436
4167 4099
5084 410
2409 610
2207 2386
4753 4393
3048 1673
4885 2340
5209 3251
906 1092
2845 1216
4165 2843
1445 1998
3556 993
1389 846
2257 404
5187 2671
4740 4466
5256 2702
1450 806
15 2948
1275 2887
1752 502
1940 323
1120 305
933 1615
2432 1022
1194 1651
1803 2181
2833 1319
3349 3902
4526 1540
3832 3285
5268 4896
2818 5207
3120 1788
4199 3526
1230 416
2033 902
1538 4940
214 2289
464 3999
4303 2673
136 5040
651 639
3945 4927
4612 1874
137 2692
3876 889
191 4804
3565 3063
3903 5044
964 2923
678 5052
5180 3465
2699 5247
2636 2944
4650 3608
394 679
1534 808
1404 5161
5197 1576
1299 2590
1692 211
3310 5112
1512 925
4026 1475
3201 270
528 2085
4139 4272
4732 932
773 3796
3732 3949
534 1540
2076 4980
4146 3916
2770 1279
3370 83
4590 2351
788 2562
4899 317
4579 1903
1111 1134
4144 4214
4673 3015
3257 4937
126 1429
3827 4274
4513 2354
4564 4924
5190 1542
3847 1436
4418 2816
1097 741
2057 1000
1442 1463
1304 4974
1988 3988
5004 2269
2342 1499
1577 4082
2789 542
3682 762
2973 3838
1759 490
123 755
3627 1349
1739 4223
2419 1612
2038 2810
1116 482
3329 3050
5221 3142
5159 1090
5060 2215
5135 1946
3894 815
3940 131
3338 736
4300 4563
1334 369
2170 3336
563 1068
4657 2922
5022 472
5111 425
1652 1186
3535 3852
5083 3244
1753 4744
4686 3385
999 682
4448 1331
652 943
4799 3423
5000 633
4164 4738
2263 4168
3907 1903
1701 4743
2227 4587
3431 3942
4606 61
3834 4374
2709 4538
326 654
3529 2220
3022 1076
4013 3791
1033 2037
3183 4320
2691 5050
152 2279
811 2719
5148 4039
672 195
4038 3467
1548 2454
4828 4371
2330 3699
4295 1236
3041 4235
4468 2910
2587 4387
1439 899
46 3970
4913 4595
4013 1869
390 1093
3197 978
3336 2497
3885 4626
1797 476
631 4647
2875 3484
1343 422
1025 4768
2903 2357
4457 684
2483 1458
4511 3185
3380 1551
1112 2701
4043 3893
3977 3076
4309 2058
2621 1385
219 1809
4288 4559
1670 2415
384 4443
2492 2188
4239 3013
2712 627
4313 3293
1955 4845
4610 3238
4390 2245
1792 614
3643 2165
1905 2108
4975 425
440 409
1901 1382
3379 382
2189 3670
1343 870
4307 4652
4848 1072
3941 4367
4828 4684
4683 2629
4633 1134
932 230
1992 2775
3764 3901
5186 657
2661 2503
2498 3023
2782 937
418 887
486 4966
1713 4758
3029 1093
4797 4145
1953 1468
3931 3895
1578 1899
2345 5136
1356 2229
4620 4129
810 3154
3770 2393
2525 4134
4986 5184
4952 1808
2558 4734
3798 108
2410 2395
1394 1774
5000 2041
112 2444
2440 1126
1449 1459
663 4388
4708 2927
3483 5123
1216 168
4900 717
622 1417
2570 2575
2047 645
247 2707
339 3958
1298 1313
843 9
3218 786
1032 606
4500 243
2110 4036
5071 4377
2592 2781
921 2400
3344 3244
913 3178
509 2870
1713 2315
4637 2840
3562 284
4743 3300
5013 4472
2445 4186
3829 1938
2902 4144
3566 4443
2745 1443
2143 1504
3024 4760
2567 4508
3311 3975
3834 4608
791 3977
4909 1453
1602 4815
2784 5179
3735 2650
4786 3994
278 3936
55 2122
4680 4932
111 2121
1094 3780
753 1900
4425 5091
1222 1169
5146 5010
4730 3379
3694 803
1090 2142
2361 3651
1469 4987
3495 1771
4569 408
3244 551
2669 1119
5250 2138
4518 2822
649 5019
2192 2557
3969 3672
3667 481
2469 2618
878 2848
666 1233
2869 25
2950 3943
4187 5248
605 4077
796 4606
1702 3175
2124 1130
733 5203
142 2977
3508 2955
3489 2502
4962 4690
79 337
2820 3466
1823 4470
1396 4260
3552 4177
584 726
3726 1285
2403 2314
2940 3932
1352 4055
3441 1419
2061 627
1016 536
3113 772
920 2535
839 4760
2742 1907
3700 4936
385 4935
1657 5282
2817 1477
1119 4422
3654 525
3376 2212
5265 2844
2988 4372
862 5229
2715 2345
3130 2872
4687 361
1470 1407
36 2929
3095 2250
3775 2967
4916 5191
2494 1939
4350 4821
2037 4961
3632 2919
1599 2545
332 3476
4584 4918
3804 2295
3755 1826
4573 3714
1800 995
4528 3806
631 913
299 3764
1664 4158
1199 1110
4546 3649
3715 4728
1897 2933
506 1296
469 81
938 1495
3546 4016
3371 1062
4533 3146
5064 4384
3072 3260
4900 2729
1316 3134
2735 2073
2852 2965
4708 4833
3809 988
2813 3045
4398 1378
3291 983
1292 3877
2938 2660
1613 3642
233 3252
1158 3464
1173 3588
4191 3572
3147 4730
577 3191
3511 269
4628 1904
4507 617
3322 5206
3053 2649
5093 2648
4919 1045
3178 2606
2687 4461
982 3152
4476 1431
4646 4432
1195 3685
1094 1250
2950 3398
2099 2582
1870 3481
2434 2973
3887 473
4340 4846
5088 2841
4715 1311
3403 3326
1071 4415
1406 366
5045 4280
2738 4559
4944 3909
3521 3646
2426 3046
4296 966
1023 4948
351 1667
750 2946
794 3869
3675 2113
2061 2472
2102 1478
4156 3559
1462 2342
568 915
1434 4319
3487 761
89 401
1790 3215
2835 266
1672 3109
4661 1708
4995 3942
2826 5221
3577 1294
1637 2988
2065 316
2561 4279
275 412
219 4215
2252 86
1647 4039
2015 2589
2940 4034
4516 4462
4178 3425
66 2763
1863 537
216 4825
1311 1664
1747 2848
1693 2039
4265 1839
3738 3717
218 3943
3566 1563
3355 2513
4227 355
120 4280
1836 3090
2677 981
115 2585
1551 951
3459 3660
956 3860
526 5271
2522 2294
1633 1312
1355 257
2134 1744
2394 3821
1834 2108
274 3051
1423 4552
2316 4656
4729 856
1059 772
506 4401
1313 4088
1639 315
1616 1635
1185 4422
4942 4383
1688 4843
241 3836
4635 1966
4779 4548
2738 2338
4198 4108
3119 1424
4778 3519
3102 4570
1613 3121
2027 2157
1779 3080
1213 4794
4228 1184
5173 230
1852 4472
1559 2568
3916 389
1647 4056
2842 4370
3163 63
736 1798
1959 769
1154 1544
5072 2130
4706 4686
2786 5090
4519 4314
3431 4725
1642 4505
4426 4470
3017 4806
803 1213
1271 2180
3980 3420
1104 4652
3011 306
4244 2495
3557 2359
2372 998
4182 2158
1785 2129
4539 2526
3813 1035
3557 196
2228 1745
3179 1302
4012 2046
3618 4562
4117 42
4479 2119
3307 846
3768 480
1056 2847
4783 4272
3560 2758
2116 3484
1875 1580
1298 4088
2367 4397
4274 3388
1756 2098
2159 5032
622 5017
623 708
5006 4950
565 4273
3313 2272
3110 5031
4855 4235
886 1085
3946 1609
3604 2027
1239 1850
2438 2207
381 2026
2339 1553
1662 2044
1811 741
1988 423
1967 2168
4073 2104
399 4728
4777 3480
1280 684
3264 2898
3644 4329
2794 2493
818 4165
3137 3810
4108 1711
5215 1624
3099 425
4635 66
3351 814
5246 378
3580 1891
5163 3759
2907 187
2925 206
5164 3372
4992 4691
3585 3239
2196 2674
1968 680
1232 5150
2617 734
461 2049
1995 2618
525 2333
3571 1831
4515 4742
3774 1610
4567 1095
683 812
4471 1372
2078 2565
1511 1947
4134 5245
2658 3223
5272 1601
4710 5155
2311 3751
4569 4870
1669 25
1707 175
5184 941
273 2097
3500 2675
633 1671
1531 4645
1819 2911
475 743
3536 103
109 2896
4591 2517
1703 1219
2665 797
2409 2612
4278 2393
990 3991
4221 3301
535 2549
3835 895
4158 3523
2572 3582
21 1867
4883 1766
234 2432
4735 3864
754 4010
4564 433
4400 1843
2120 2743
4816 816
2130 5087
1306 358
2939 545
4958 2923
3228 4076
2064 1050
5075 1036
227 4573
1630 699
605 2092
5106 2865
3869 2089
4840 383
4846 4988
4598 1792
116 1444
485 4697
655 2868
4333 4634
789 1228
3750 2172
914 1214
388 412
3171 592
3901 1750
1198 195
4869 3666
3014 4834
396 2368
4844 1190
2479 4530
4854 2811
1023 4112
961 726
2569 2982
2628 457
1092 3983
1054 426
3340 2710
1316 5066
3892 3501
167 4267
2881 1996
735 3987
3564 1305
1643 3545
915 5038
5264 697
2120 3530
1748 697
5061 4896
22 553
3972 2766
1054 4517
4231 2799
3274 3908
2665 2510
641 4822
4975 437
1566 1784
3940 587
4664 2315
3046 2591
3827 1627
3469 4455
2715 1804
1631 3677
1488 1648
3422 3965
1170 4719
678 3436
4621 124
70 765
4433 2304
2995 458
3266 38
1933 1919
2194 325
2548 595
1747 3831
182 4337
1497 1914
1980 4120
42 3255
1028 5220
4946 822
4619 4734
3417 4547
5158 3154
2990 1726
2759 4495
589 1997
2848 4636
4098 722
4132 1703
27 2841
4353 4409
1357 4052
5155 1201
2193 2521
3224 3544
3737 2408
924 298
2136 2592
4759 1304
2416 3038
372 2644
1193 3705
4151 2754
4275 1822
1872 4694
3673 3700
1135 235
2950 3989
650 1293
2624 4419
4101 1851
752 869
4287 4560
2864 3437
2681 3470
512 3241
4051 4416
696 5170
4441 3914
3026 4780
4737 1923
5066 2066
2090 4640
1420 4693
3518 1321
2563 4178
4745 3088
161 634
819 2701
160 790
1995 2469
4483 4625
3190 1666
2804 746
4051 2016
4376 957
3779 2946
3158 2163
868 2324
2929 1905
2218 171
2121 373
3459 4035
3481 1561
2287 2638
4026 5026
5232 5068
3113 5173
1183 1693
3704 5252
1704 2205
4242 521
963 130
2203 3369
4382 3488
3215 4784
3636 4510
4179 446
1849 4544
2782 198
4252 1441
2494 4189
4363 3041
209 4804
4537 964
2821 979
583 2732
3477 2930
1561 2074
384 2131
1029 3789
4440 880
5175 3880
3288 4667
2520 3037
1579 174
479 982
2953 1493
2867 3449
1204 922
4359 763
200 3187
3307 3593
212 1485
814 232
221 236
1019 1622
4832 763
5167 1787
2634 4864
1570 1637
2305 4246
998 2288
3342 4058
2488 2042
4090 3595
4403 3387
4543 1927
263 1155
4031 604
2939 906
4521 2027
1912 2602
980 4239
2502 1353
795 4327
2379 2832
2599 2906
3245 861
2155 4123
3793 2791
2240 2413
2260 2564
5104 2101
3300 5288
3639 1256
3456 2499
573 4968
4928 4574
3383 3560
155 4276
1637 266
5262 3853
609 2826
3018 433
2147 5137
1970 851
701 4168
4740 2175
4697 5131
4188 2889
4109 5269
4786 3990
3997 2880
545 1448
2232 4298
2012 1323
105 4414
2737 4493
697 3395
4163 4445
3364 249
4248 4807
4380 1958
4663 1020
108 710
5033 5044
247 2829
2894 4740
1945 361
4128 3279
81 1374
5127 2648
1391 3956
1169 4682
309 5185
1366 4880
2002 4493
3446 828
4689 4445
893 2186
2428 4008
1335 307
3906 1723
2306 3845
4772 1728
4415 4403
4047 882
3620 4924
1805 4719
609 3193
1544 2584
5252 1051
3443 4410
4875 2003
2151 3444
3555 1880
1257 2581
2641 847
2898 370
4528 2536
602 4693
1122 2537
1642 4338
424 3359
2159 5068
4891 3653
812 3554
91 2594
3399 3790
3365 1935
1854 3915
138 3794
861 3167
5072 994
3358 4149
5011 3569
4044 187
2347 3207
5155 1456
3788 1717
2614 3413
2512 5223
996 2604
1705 3021
3124 405
2687 1567
4955 2429
4811 1725
535 5217
4283 3357
3817 1325
1828 4913
1881 428
4002 7
1824 2296
3798 740
2771 4972
1989 4011
2 2809
3360 4572
4373 2781
2780 3725
4446 2273
4428 632
2621 3119
3468 2661
1699 3546
2558 1523
2961 2678
728 1040
664 1819
2724 77
300 2213
2554 3063
1213 2989
3760 1690
4571 2490
2130 740
4228 660
4905 2759
542 2387
202 2563
3474 1861
1857 111
4951 4785
3094 649
4637 1556
338 3954
2224 640
4092 3894
2412 2804
1124 4982
1566 962
5139 2030
4354 2393
2855 1617
3233 448
2518 4350
997 4161
2624 4951
1716 2354
1346 2210
2957 3485
1237 4716
2203 867
94 4300
2226 505
4595 4707
3983 1448
2232 4561
3629 3930
1947 4682
2777 3131
2010 782
2561 167
185 5174
4029 1706
4390 4391
3196 4497
303 2808
3933 3319
900 3459
3684 127
2489 775
1336 2371
1254 3723
4410 4597
4214 3123
1200 4351
2576 1820
3647 2661
453 3172
5153 2002
2370 713
1623 3138
1191 3421
1705 1358
1800 2319
4776 4377
4813 4339
16 1588
5250 2315
4673 1340
3782 2530
1652 2235
609 4183
4910 4236
1407 742
4813 3711
3947 354
2575 5263
2238 5055
798 552
983 407
2060 1400
2767 251
3230 317
1150 2733
3606 3746
908 4411
4252 2014
976 3923
877 2596
2354 3784
4451 1211
5234 164
5179 2076
2185 1113
4000 1427
4433 5070
1278 1410
2983 328
4844 2359
2294 575
1338 3953
3633 70
2897 2123
4869 2929
3438 248
1053 2845
1048 4982
4861 1047
4872 2358
686 3854
2635 4450
5129 5219
2386 2332
3267 1503
3452 4969
2749 5199
5111 3264
4650 2256
1497 2536
1402 1921
885 4260
300 121
1592 1371
2969 343
1192 2310
2708 3729
3819 2044
160 4013
4097 1822
2694 3805
4388 2719
780 1377
4749 1070
5003 4818
3775 1411
2850 4430
2945 1972
890 1675
1284 820
4630 5090
2518 3898
2785 2196
5244 712
3504 2454
4583 4117
2205 473
4815 1078
1778 4874
3084 1436
2893 1010
3783 4757
4566 1653
1426 406
2506 234
836 4495
2131 177
5276 1203
4557 1161
1837 2711
4423 3856
5118 2844
3967 1404
881 452
2765 5017
3211 5209
1918 3350
4293 959
2559 2958
2920 4171
2466 2861
3398 4277
2715 4404
424 4265
5253 584
3408 4922
4150 2704
4698 2145
2132 1127
3298 1667
3599 4929
3028 2870
3312 4764
4140 3698
2871 4906
5005 8
3492 581
3991 1463
5276 2799
178 1007
4162 2647
281 1985
2312 873
1075 193
4344 2036
3127 1077
3502 2112
3979 3832
382 2791
3754 2876
1679 1783
5280 1873
201 3652
853 3492
3509 936
716 429
3765 5278
478 3010
3259 3957
2752 3644
4132 829
2722 3838
3996 139
2153 1987
4315 1604
3508 61
3829 1590
3966 5094
1706 4540
836 4058
1268 4344
4108 4345
4009 4285
4439 1160
1373 852
5107 1628
4991 2999
1576 1678
861 1284
3673 166
558 792
4423 5168
1033 4055
1116 1464
4780 1557
5148 4435
3951 1883
3733 260
5014 393
5063 5201
5268 4226
2018 671
1344 4018
1324 4499
1294 2181
394 1074
4672 1616
2353 1817
258 2596
169 1656
5089 2798
3921 674
1046 4776
5019 3877
831 1659
3112 447
2173 4698
3591 282
4080 3914
2450 2350
4825 3257
3208 894
5125 3801
2733 591
860 375
888 2090
4304 426
5060 2343
908 2677
1312 1929
5285 1476
1773 488
2190 923
4651 1336
2018 3296
3520 3643
4065 2984
3465 2459
3047 769
1002 2118
4696 493
5205 4373
4754 4064
871 502
2703 2952
3774 2939
4067 4172
1359 1144
4670 767
1769 3934
828 3315
1197 3541
5211 2980
2901 2333
4923 4816
2100 877
1167 4773
150 3309
113 1841
855 962
4622 517
4178 3426
4753 240
1949 5259
4327 4577
4509 4269
1124 3784
322 1948
4008 3600
127 5023
1984 2059
561 1363
5058 2081
4157 832
551 3110
4925 4223
3353 4616
928 2156
874 3253
4089 2102
3736 4742
3268 3652
2857 364
3967 4602
665 4048
3217 480
2683 2323
2280 3166
4727 1681
4450 4148
173 4723
1954 3514
1508 4244
3051 757
2807 470
1337 1784
3794 3509
3231 1719
3302 5188
2366 5067
1682 1258
3279 3795
2020 3429
1529 2557
926 513
1773 3281
1365 5089
2165 2663
3569 3063
4570 4695
3117 3108
3791 790
4015 2184
4523 2857
2469 1547
3625 419
588 2223
3360 4096
3773 2385
1923 989
5033 3960
3297 1162
1427 3016
4931 465
3320 3342
3668 928
2046 5120
3696 1061
852 2422
2472 2785
2079 1578
1148 2369
4866 2884
1106 4021
1066 3652
3522 5163
2244 5030
2106 2977
2366 3895
3688 3641
2405 349
807 2835
1224 896
3974 5249
4147 2550
3009 4507
5140 4996
5167 3919
4791 3631
1391 4102
1044 4676
3323 5269
4835 2477
3207 5129
2928 4656
3525 258
4820 4299
1685 4643
1139 546
1839 2051
1366 3100
2471 4405
755 1835
3667 1800
272 5222
2484 3887
834 1893
675 538
3204 2105
1322 3070
469 4631
758 3167
291 3857
1872 1053
1840 4905
2490 1262
2730 4041
1884 1473
3049 5282
3117 1601
4316 1402
3454 431
777 579
967 3964
4932 2948
4842 838
5197 4127
4321 3440
2742 96
1049 4121
2603 2381
2342 4882
2755 1246
2767 2072
3807 2772
4879 1695
4405 3354
4669 2425
577 4143
3421 5127
4164 4820
2715 807
4227 4274
3121 4750
3432 5059
245 714
2618 3619
3549 4714
4474 366
1990 3056
3289 1789
2187 4194
4068 3334
2942 1638
1072 5242
4640 88
1389 2471
2410 3382
422 1167
724 3410
231 4831
3853 734
4286 4670
4206 397
2458 2670
4099 3169
2603 2408
3399 1494
4664 728
5015 1670
3408 3873
4998 3027
84 665
706 4104
1827 666
4838 3361
5142 3699
1149 418
2390 401
2547 5234
903 3631
2654 1666
2065 1234
5152 2588
1355 4037
3655 1585
1874 2483
2296 2395
2274 89
918 3527
850 5048
4852 4960
1376 769
5034 5171
5129 1043
3424 2503
176 1915
1575 3335
3906 2147
4411 241
858 3014
1635 1362
880 2535
1189 4279
5053 386
4030 3011
1573 22
95 2208
4028 2221
2659 934
3111 1363
4257 1409
2716 3592
3606 4095
1247 1960
1335 4887
3430 2248
4022 3071
601 2790
5113 2741
4649 4123
2433 1951
2642 1177
2681 1631
2695 2281
1783 5187
2530 3527
3506 2402
3702 3325
2993 302
940 2053
5049 3960
619 4339
3618 4463
4606 1530
2348 3949
1121 5121
5267 3126
2542 4405
649 621
1317 2060
4376 2114
1408 2173
4540 4666
1818 1614
3196 3198
2419 2878
1779 23
5131 1396
1781 4097
740 2034
3968 496
4727 3346
5225 351
2694 3783
4932 1489
3309 3111
3404 3701
644 4499
1735 4011
1454 4877
2292 244
3789 1550
2690 3838
1695 1166
3961 3360
919 1878
2259 380
1865 2414
3101 1287
93 3891
3329 4281
1019 4234
3534 3848
4497 4809
722 2172
3350 626
4424 5281
3250 2325
2931 3697
2655 4413
5160 1128
2089 859
4221 5005
4198 4890
4817 809
4355 3622
4076 1261
3073 4452
1034 320
1333 1974
4166 5193
5206 5235
4273 1740
1283 4585
646 4117
1390 1636
2291 2222
3505 2258
3744 4049
1199 3384
442 2656
730 2420
4599 5167
334 1535
2410 3121
1372 5085
3159 2367
2878 3904
2943 757
3416 3476
5030 4522
3642 4750
4907 2500
2797 1931
841 4618
1413 133
729 4167
891 1747
4641 3336
2968 1501
2008 3570
4398 3271
1137 2068
1468 170
2638 636
2872 4254
148 3097
202 4857
4078 2851
217 685
3294 3962
4417 489
2547 1491
3029 471
1438 3499
4063 3513
3116 1957
1060 867
2435 5186
4534 462
5145 3397
3558 998
4468 1089
3046 457
4131 4449
606 1015
2379 3993
2093 2970
4619 4911
4315 3326
3139 1273
2838 5144
531 1202
5004 707
4584 977
5173 3321
2111 1737
1108 183
3150 3871
2979 2163
537 4796
206 1651
1901 4226
5095 3322
3751 3215
1673 2250
595 1932
2652 270
1537 1913
2838 4884
363 3543
5115 2854
4908 614
2309 330
194 801
1118 576
1815 912
897 5147
3001 2143
3973 1098
2461 1918
1515 751
4786 1977
4212 3564
4726 4739
3759 3096
3253 2164
901 1594
1586 3503
533 96
4432 559
892 1228
1741 1163
4190 2606
2352 2045
3202 1078
2905 4724
1895 2668
79 1013
2698 4295
4662 4885
123 1305
1211 869
1089 2709
4289 1730
2389 3192
4229 1052
4154 3223
341 4990
4290 2087
481 1107
454 2125
914 4849
1010 3007
5065 3815
4969 4990
1984 1837
2276 2780
4454 4852
5170 4187
4526 3254
4429 3273
1683 4381
4064 3502
1994 1676
4986 429
23 4528
4813 2412
3823 1102
405 1949
4600 1454
1806 3883
185 1372
3397 3521
1676 5250
2693 1294
1775 2370
3973 2250
3386 4306
2151 1435
1227 1299
4240 1171
4724 1198
1276 3938
2192 779
4358 5017
5226 2327
1738 2144
3537 1021
3287 2554
2383 1812
2865 4706
4155 3759
2753 98
5144 3306
651 4192
3310 2229
2917 2336
1236 1037
991 1254
5189 695
1081 5078
131 2263
5035 78
1182 1224
1466 3750
3412 33
4848 3043
116 1323
3693 1174
882 2505
1055 1745
4029 4141
2249 299
4369 3280
552 310
4941 455
1866 3828
1794 327
2522 4805
5145 427
4389 2643
4066 722
669 2909
3083 4677
181 1645
2041 2982
1880 921
4548 5039
4083 2070
601 1361
3200 361
3299 1043
4612 4924
3439 3223
58 5181
679 117
1522 4249
3609 2828
2498 947
2449 2023
3596 1603
2810 2673
1357 2222
2847 4644
212 3740
1461 844
4119 3642
2792 3687
4145 286
2009 2944
1680 4485
2211 4641
4067 2648
1648 4630
2990 3595
4205 3057
3412 211
611 2598
4151 18
2254 4348
3203 3475
3177 35
3091 3093
2508 2635
820 5077
149 5208
4369 329
274 3455
659 292
92 5018
4252 3055
1217 1501
2992 4473
2344 1667
677 2762
419 1154
5023 3723
4209 2832
4402 3797
3288 3888
3470 498
3571 806
49 3293
3946 5117
2357 1473
3814 4207
2438 3948
927 4562
221 3239
2353 1364
4041 2040
784 2867
3403 4351
4675 2433
3627 2392
602 1491
4416 3926
2059 3184
1589 4962
576 5039
2417 848
3504 4824
398 4202
4441 4080
3210 2403
1951 2284
5101 4386
252 1572
575 169
3180 4599
3479 3812
3015 2645
4010 2936
2185 2800
4555 4302
3343 2634
2760 2327
3918 1524
4143 1686
4313 955
4427 3494
228 564
346 771
4384 1879
2582 2368
5133 3493
2775 4291
2817 5119
5183 271
1179 4914
2945 4088
1416 1791
492 4070
2382 3290
4701 2615
669 770
1206 2909
3954 3920
2350 5284
2982 5259
3418 2095
2253 568
5049 501
1885 1149
2595 2099
1675 4658
2452 4881
3706 4542
108 2885
2689 304
342 3192
2334 152
388 4995
2255 4168
2154 4810
1960 1899
3912 2249
3463 4289
1061 3291
1587 4262
5135 2225
4161 4819
3743 2793
5087 3806
470 314
2515 3690
574 337
539 192
3742 2198
2305 3332
4553 1066
3872 2117
2762 398
324 4541
479 3152
3841 4602
2460 1146
2375 4659
3841 309
2993 1218
1070 13
4140 2383
456 3800
3822 3779
3582 1757
1602 4742
1346 692
3134 3790
4360 3747
3825 459
626 1038
1739 4110
1866 1835
2149 875
3069 141
1646 1665
4067 4460
1904 1071
1858 4803
4503 4273
1414 510
2144 16
863 4609
804 4486
4513 4655
818 4588
85 2261
1957 1298
3704 4173
3972 2329
4915 5242
442 911
1853 3723
2687 3050
2579 403
3269 2549
898 1405
2868 3327
1474 616
3737 2578
4878 2053
2813 3404
4113 2083
4015 1004
1857 967
1709 1411
1531 333
5230 1898
2514 4983
4956 4153
4311 801
3132 1813
5098 2509
4868 3003
3905 243
2191 1978
1721 5027
5207 3605
1574 4993
1385 2301
4193 3182
4762 5046
2521 3448
4291 3807
41 3682
2391 3617
3854 1872
1109 3667
1716 2648
930 3816
3990 4745
925 4700
126 3837
5218 1925
3075 1229
231 1165
1350 5015
53 3696
530 326
3053 3824
3391 3578
1412 2902
3246 689
2744 809
1487 2855
1490 4624
4266 5270
3489 3766
3202 4515
999 1000
698 5178
1565 1483
4200 4696
4137 3755
4671 5184
3185 3963
4372 968
4879 1166
2127 4367
2727 1975
1188 1325
1983 3596
4897 4704
2873 3572
3192 3767
1485 3746
3067 4133
2491 2514
2846 1422
335 3235
1995 725
354 49
2628 4971
1550 3806
4069 5202
4293 5245
3937 1619
1260 3738
4955 5285
1421 448
2901 4838
4525 1472
693 4885
288 3221
6 1643
2126 3030
2680 4629
5020 4407
3095 4273
3822 4024
2006 3996
1904 4403
5190 2001
591 2585
1701 2087
1893 980
2974 5146
4366 1350
3803 3562
3103 1063
2629 1226
441 3965
3641 3836
2954 1818
4985 2729
936 5048
985 1728
2660 2738
1807 3743
2398 3560
1155 449
316 2986
3183 1246
3058 1110
2066 3594
2141 1981
3975 157
3709 5230
738 2706
3586 723
5025 4839
5216 2341
2899 2177
619 4081
4044 895
2963 4663
3556 2396
2480 1624
1710 1383
365 1087
4284 3694
4224 5201
3030 2529
3961 582
135 99
2557 3860
708 1088
4521 3147
1751 4770
4655 5127
347 3805
3450 2316
4943 1041
3002 2573
2404 4653
3756 1382
3615 342
3000 2961
870 4545
5210 2486
4925 1166
715 94
793 3505
150 1634
5029 3517
4829 3531
2128 3933
2892 3872
4318 1117
4542 3044
866 4623
3199 3497
4530 3626
1376 30
3347 2520
3787 709
2202 523
4300 589
2529 2969
3331 3222
2003 3181
3668 4325
1761 2355
2699 1148
2776 4785
404 1440
1724 4019
4897 687
1077 2463
183 694
612 818
1782 797
3486 981
4601 1538
914 523
3238 3981
11 3554
1625 3140
680 1815
3280 2668
1656 599
1592 625
3858 2476
5243 2337
350 2654
5084 1842
1657 2722
1073 4850
3890 4284
3035 5056
2511 1475
842 3303
5231 2109
283 1112
3831 2009
3047 1959
3233 3262
2246 3581
875 4769
1333 4302
1220 2898
2462 3738
2081 183
1466 3725
2856 98
4660 1094
3976 4870
4071 4431
5224 2516
1767 529
5203 1114
2991 4424
1200 5044
4079 2924
3162 80
2542 5211
3362 3907
5143 3211
766 2247
1006 4276
34 4046
1025 2406
5086 1676
4502 1716
3144 3663
494 2565
3981 4854
311 4755
3798 4892
1527 3568
1289 370
3842 83
2030 4369
82 3713
4862 1456
1210 2362
3898 3168
3382 3251
1554 4258
4541 5239
856 4086
3394 398
3314 394
1502 2457
644 3681
2567 4126
4571 3745
1351 1597
4118 5000
3548 386
2335 367
995 3671
4157 463
811 4453
4818 110
3330 2667
2041 4245
5016 516
1789 2399
3204 2501
3715 876
1828 532
493 4243
4367 2503
2423 1883
4061 1314
4263 131
2344 351
1488 5229
2966 2708
3763 749
4163 1752
352 155
975 1644
2721 2704
4582 1793
3048 1443
3001 3524
224 3699
2420 1089
3390 5010
3477 2945
2584 1574
4258 3928
4116 1505
613 5203
1639 1187
2814 11
4045 2160
5233 3876
561 3077
742 2680
2507 4876
894 3313
2859 1795
4938 1537
4733 4588
3507 3282
2251 4787
360 1465
2436 5116
487 3499
4710 527
4342 1175
216 1007
2553 3380
4979 709
5043 2275
1416 1314
2678 321
2672 4349
670 48
128 3180
522 321
2640 4885
2293 1455
4617 4492
3085 2895
958 1559
3316 3353
1743 5064
5241 2298
1026 2936
1387 3958
4970 295
1028 1563
857 3159
1104 721
4241 75
1711 2242
1993 586
2688 125
2245 3849
4430 4798
3800 2854
3038 1594
2396 3757
1559 3664
597 948
1920 146
3526 1786
864 580
1261 3522
5132 4082
3540 3833
3536 2670
1950 3156
118 3962
2405 4219
1419 2797
1397 4720
3008 2175
2376 101
4989 3811
4256 834
4633 2683
560 360
4973 2754
198 2114
720 1317
346 1002
4038 3305
4687 3144
18 1979
1254 127
2863 4841
2840 1059
4735 534
1492 5257
94 213
5095 3278
3130 1978
4102 2688
4841 3247
1415 3171
2534 2060
1969 3966
3446 4103
383 381
1736 640
3840 502
3885 4949
3515 5026
367 5166
745 46
1435 1178
2277 570
764 2657
3762 3209
3129 14
2723 3011
3416 2028
312 945
4790 3860
4597 4324
3940 2278
544 2675
2579 1140
4282 228
3034 5159
2377 1537
4489 4985
3529 4861
3270 3549
3367 129
792 4101
4703 1990
151 5037
4062 1423
2769 1047
2485 2117
1342 1361
4817 1140
2214 1142
1529 2192
1587 3551
888 3788
889 1157
1814 3299
5012 107
1099 143
2648 2676
2834 4834
2548 3952
4588 744
1477 2735
2431 1469
5130 2330
4792 1816
4303 4880
1087 2429
1153 2848
1950 4620
2121 2541
1571 1694
2294 4805
4280 4484
4642 3562
2499 3351
3980 2133
3974 4368
4964 2237
825 65
4048 2381
1869 2982
4520 4634
1242 477
2981 3097
37 2145
2192 837
1943 2453
4894 2794
4394 2748
43 1367
3297 668
2460 593
2011 2430
5103 1768
40 616
3910 1467
2110 1122
355 4225
2859 1606
1859 3431
102 4552
4977 3202
2717 4141
5253 3024
2471 517
112 279
2909 3660
4994 4030
2331 1506
3058 3392
670 45
3013 297
653 4435
3957 5050
1235 365
2469 4339
1204 4814
3509 1654
4072 3020
3439 1991
783 5204
4030 1271
503 3116
2133 2317
137 1677
4179 4146
1980 3356
4566 3068
5289 3727
3363 960
4125 1301
1050 1940
4209 2915
5134 2148
3802 2503
2555 3908
4893 3662
3217 1754
3547 2105
3157 4789
2788 358
4053 4438
4192 2280
4949 2358
4822 1732
4722 1927
4170 1210
5036 2434
1375 4490
3649 3104
84 4516
2623 2915
2346 4389
4237 2919
4413 4357
624 1213
3583 4535
4727 3064
4752 108
2746 1133
208 4835
4379 3363
1821 630
3321 2604
1 4395
352 5210
3583 719
775 3539
2269 4467
1877 1514
2550 5280
3689 1843
3286 2492
1393 3451
4616 344
1381 3970
3952 3329
2239 4936
2891 703
2877 303
4983 3925
3516 3824
2116 2885
3457 1662
4627 1505
5100 439
4886 91
2581 2426
124 2876
2182 571
4386 4963
2697 4615
120 3738
3098 3462
3149 5258
1210 4830
4501 5063
3231 2998
1099 4953
58 4585
2714 3523
4809 1941
357 3482
162 3455
3485 739
4712 3709
1126 1136
4675 5172
3982 2341
3086 4488
4399 3605
3950 1915
1731 4184
1262 828
395 2864
4062 1511
1346 1684
2882 3447
2401 5027
691 4149
4751 3483
3661 4998
4974 2206
2808 2802
602 2049
2177 1058
911 650
1403 20
188 2463
766 3801
4533 808
3778 805
4050 3045
3357 973
3722 821
293 727
1895 4111
2006 1460
3603 4017
4308 4560
5056 4957
3568 1484
3895 2054
5232 5194
3437 929
1315 334
2178 2784
3248 2381
4632 3697
747 2537
2922 4427
1236 2839
1369 831
4047 2914
4233 4115
4484 3738
975 3094
4408 1097
3431 4995
1972 3604
4018 301
1492 3004
1774 1267
1965 3582
4001 1803
855 2373
1219 3579
1125 1327
2031 2728
3340 4744
2706 4688
5133 1861
4324 1821
3458 3087
5024 258
1862 2072
884 4626
4845 3411
107 1392
1471 1758
268 2672
102 1660
2349 5162
3621 71
2364 1120
3461 4875
105 2009
2795 1824
3289 1974
1855 12
3335 1280
231 1315
4346 790
1655 993
1251 4311
3859 4264
2888 1850
2069 3414
572 1032
4521 3116
377 3487
4210 5194
3362 2626
4061 3639
5216 709
2860 5022
1764 3022
1123 2165
3532 1083
714 1461
233 3319
5215 2705
76 799
278 4402
235 4046
4749 1699
2130 4528
4368 1674
3054 4939
3147 2298
253 3395
2941 1780
4866 3304
4852 1318
845 2711
3298 2647
3005 1503
24 4458
4357 14
3605 4004
2526 1936
3720 3387
3368 3423
4747 5197
5257 209
3447 4040
926 4480
844 629
489 1198
4707 4796
4417 55
830 1737
1078 495
5052 1825
3495 4307
1962 4859
4113 4648
4618 4609
3968 2862
1226 4185
1579 1690
4501 4224
5037 4012
788 4001
2835 4404
2240 2628
518 196
2981 843
918 1319
2992 1183
4732 2911
4691 1689
1629 4246
171 3777
418 3913
3739 3343
918 4287
1181 1755
3113 3468
2014 3212
970 2739
3867 3845
1107 3136
1901 2539
1735 3005
235 3498
1946 2225
2337 4195
2975 1810
4481 1622
1592 2318
1517 1554
827 1258
3794 4475
859 3864
6 976
1109 3519
4701 143
3100 2983
1579 2063
3545 4898
5086 112
4665 3453
4099 1833
1229 1121
3448 1841
1039 5146
3796 1353
949 1720
2390 2274
5117 518
658 4613
2900 4176
4930 255
615 1145
2577 1900
3334 2375
28 188
2649 1712
2238 885
4829 749
549 3599
4999 1012
2723 953
1967 4181
4582 4159
5102 3456
2363 5150
1953 4066
2171 1500
29 3721
4654 357
1052 2380
1006 653
1189 2016
4432 1585
3081 707
2771 3120
1020 5236
1453 760
3034 585
2671 2601
4070 2987
1107 1942
529 2602
2515 3160
4478 933
3677 3671
336 2028
1231 3328
3852 4050
4460 4513
317 1932
3297 305
2959 338
147 3236
968 3222
3258 1975
2439 2825
4837 3827
3703 4335
647 1832
3716 5031
301 4558
1 1876
1297 2695
4007 404
4611 4305
4394 5208
4466 3708
1584 2273
646 771
1359 3939
724 204
1202 3713
4473 4668
2025 267
4945 1971
3857 1379
19 1549
2748 43
603 1275
2763 3982
4567 5267
4964 2202
1958 667
1959 4261
32 78
781 4037
4093 887
4958 213
374 1359
3427 1591
4253 791
1111 4625
2566 1403
4169 2925
3920 942
1216 3574
4204 1096
1597 4233
3449 3797
4762 2290
95 1048
4049 4362
1464 1214
552 949
5278 1207
59 3598
902 4624
4893 3724
4336 5279
1518 2154
815 794
358 3473
2633 977
2591 2581
1237 4676
1846 1688
2189 259
4733 818
939 3665
1739 3659
2371 578
3402 111
1965 2378
3056 5107
65 315
944 4910
5240 518
1386 3959
2022 4596
5164 4685
5082 173
3534 292
3009 307
3221 461
1107 965
4162 3366
3718 2448
3040 2178
2291 2441
3366 3060
2639 2185
3042 4685
3102 1955
3353 1772
4863 183
593 4902
2500 2532
2457 3551
4947 2883
3069 279
3664 4827
3165 4546
1704 3966
2373 122
3427 3205
3292 2380
3561 1027
1186 3950
3078 2165
4120 1532
2201 1115
430 442
1646 3917
3368 2108
2632 2112
1370 3422
510 2142
2714 1738
2103 461
93 3726
2046 4965
4529 290
337 1881
1265 1405
672 3009
4539 873
2184 3206
693 2340
491 5048
3669 2096
5130 2559
520 2980
4826 4953
377 4922
1731 737
2088 1762
4865 4580
3394 3830
4438 3659
3379 3604
1128 1896
2493 2583
2541 4653
557 1215
2356 883
1943 4463
1655 4773
3552 2650
5034 4196
1876 2506
3934 4663
3631 2476
2699 1457
799 1811
1285 785
5166 4193
4452 4717
4251 1287
4608 1326
1483 4725
4288 1584
4860 1737
1582 3395
4863 1420
3612 190
2427 4996
4876 5013
2544 2751
1316 4606
2467 679
295 1717
3772 4674
1665 1222
1765 5108
3646 1307
4291 731
1170 1397
3812 285
2131 3587
1702 636
2760 30
1418 4603
4981 1697
693 1483
4006 804
760 3614
4448 240
2324 1963
1771 3345
1906 272
2235 277
892 90
2197 2297
2106 238
3563 4042
1198 165
1777 446
416 5288
5156 4263
675 1149
5161 1017
3650 1438
3396 4524
140 2773
2453 476
2621 2430
2335 735
577 1510
2038 823
1358 2935
2334 1836
1887 4940
2691 4711
1531 4479
4752 3887
3736 3438
4710 229
3600 4766
1600 3493
4378 3886
3010 2063
2752 1238
44 318
1814 1714
4348 4084
1680 2033
572 3533
3303 3373
805 4543
5181 2401
983 3851
2241 635
4461 4774
3344 3228
4136 1098
2122 4454
971 3881
5085 3104
1395 2325
4225 400
2684 2184
4683 3656
3602 5272
3689 2148
1056 5057
4217 1653
2347 805
4366 3895
4428 3458
5104 3035
1528 2804
1165 237
4657 2198
2039 2168
3580 4772
557 2302
1510 3567
4994 63
682 1780
4392 5099
1012 4789
2617 445
1870 1324
3383 2651
2613 3955
725 2412
1556 664
1232 3152
4667 2048
2264 1877
4767 4954
1233 2517
1011 4947
1414 2083
1748 3472
2128 4434
3770 1687
2880 2488
3272 85
2385 2566
2402 2879
359 306
2827 862
4210 2573
744 612
1889 3235
3017 2277
2140 946
3413 2027
3330 3386
2886 1200
4692 637
5233 4228
1741 2787
440 2586
3988 3739
2580 48
5102 761
5273 207
2078 4152
2430 4890
2123 379
5142 5126
3676 2964
4195 1582
2019 1740
3979 3538
1260 3717
1533 3211
4294 321
3277 677
3998 4722
2315 3954
1498 4705
2994 4928
599 776
4808 5128
189 113
1309 818
1926 379
4858 3657
2588 1221
3752 371
375 775
4549 1753
5023 1853
5113 287
3284 4937
3141 1681
3840 1009
4216 509
4694 3316
3227 4976
452 1757
4270 4337
2913 3480
3630 2688
720 3349
1322 4091
1073 196
4489 3535
3226 2135
4938 550
3594 2286
739 3375
2894 2175
2164 1086
1157 1933
3758 2487
3846 849
732 3341
1266 3077
596 3865
3224 64
1525 1003
3498 2221
4245 5259
2474 2893
1881 3364
4261 769
4819 2782
4390 3741
2288 1750
606 2320
1649 1269
3139 2192
1291 2351
159 554
2446 672
500 1724
5260 2152
786 2560
2531 3168
1165 1315
262 762
101 3799
810 2020
1619 1142
1580 2208
4487 2931
273 871
390 2966
5053 1496
3859 5277
1352 1033
34 4595
3172 3728
2115 3204
4447 607
2962 3138
445 15
5147 5169
1135 87
90 2955
757 3629
3283 3542
353 5263
2875 4063
2487 4426
2158 439
2058 1143
5135 145
2248 4647
973 783
5126 4166
2223 2674
3996 2339
5251 2094
4201 1700
1255 12
1722 2608
1054 1602
4352 5261
44 2778
2713 4084
4507 1844
490 1177
1195 3411
2627 2309
3999 3628
793 1896
1845 514
2032 4934
3506 1679
3314 2917
2618 4813
2363 1571
3220 2753
3100 328
3337 1642
4638 4191
1827 3507
1834 2929
3843 1692
3666 2122
2168 3524
2927 320
1208 3219
3242 2890
3637 3744
4304 4003
4850 5105
1088 4912
2386 656
2881 3844
1518 1342
4679 4233
271 1570
3607 1223
2679 4071
2437 3210
1332 2508
4631 4455
2707 2829
1368 822
3409 1282
2100 4152
3466 2161
1174 4520
4333 2243
800 4061
3593 3357
748 451
2903 989
865 2570
829 2547
3036 2012
4491 1640
71 2007
5117 5240
166 4508
86 1625
559 3716
548 3824
2035 1424
926 4305
3910 3691
4771 5200
2627 1769
5029 4903
4272 2626
2675 1022
2329 2049
2812 4928
2549 482
345 4933
4034 3054
4699 4654
4249 2727
255 2024
2437 605
472 5144
1698 1004
4769 4895
2169 1524
1024 2734
3003 349
2140 4347
5109 4623
4982 4502
1132 1397
3678 53
5124 4946
3023 1583
246 4213
2979 1143
4592 3177
2438 2332
4415 498
730 1799
2300 2413
3810 5138
1581 571
74 32
4332 2967
504 1470
1950 3064
24 1433
1536 4130
1776 799
2304 2716
5218 2494
635 3
2891 4804
765 215
148 3131
692 3686
393 919
2289 5009
3213 946
662 3154
4329 826
2445 2019
184 159
191 4535
891 239
698 4873
4843 2645
608 5273
1560 3381
432 4777
5054 3744
1329 5125
5249 1035
1301 3333
3468 1466
771 3808
839 1256
753 5214
989 4991
2308 4423
103 2531
4365 3079
5100 4188
1502 1587
2219 5281
1031 5114
687 1264
2428 2230
2696 4529
1785 4672
4860 3856
2689 1290
3188 539
853 3031
2443 824
1129 2295
3255 646
4527 4499
2150 3785
5074 1854
1871 716
2846 2199
4711 642
2806 2989
611 3925
3883 2179
1313 5260
1060 2954
1334 1272
3924 4427
210 2404
3232 1121
2040 201
2200 3809
1608 3945
2469 5055
129 4747
452 1965
3188 1055
80 484
845 1130
259 5051
3541 5256
4728 3136
5038 5195
4888 2775
468 106
4471 4107
1791 4094
1030 3772
1946 4997
3719 2146
4981 637
3268 5283
2384 2644
4439 3372
5062 972
2779 4624
2633 4281
917 1752
5040 1406
2068 2753
2611 1365
248 4408
3611 3735
2720 1847
2866 3274
356 942
1386 5003
5291 21
4761 1591
104 2778
4790 564
2860 2539
1425 1962
1356 3497
1118 3690
645 210
2028 1376
5028 3086
4136 3732
912 1549
3028 4208
4904 207
2171 2322
623 3127
1936 3723
1277 813
3087 1019
1096 2321
3833 2319
2 95
3761 1694
1321 3688
3993 4628
3953 3255
1830 3769
2512 1426
1147 2540
661 4133
3128 5255
2547 2049
132 2889
5024 5228
3 5002
1620 4954
4831 4867
4525 4920
1388 3721
2513 514
978 128
5210 1105
5035 3438
1244 2757
2568 4611
5189 4538
3400 3992
2574 1830
1424 4345
5120 824
3403 3133
3846 3592
1479 1137
392 1220
1864 2024
3620 3908
595 2936
412 1565
2125 2069
4106 4629
54 2021
4946 220
4752 1029
68 4461
3819 655
4948 588
3012 2132
4261 332
3277 2746
4718 62
4262 1964
4952 315
1506 5018
2281 5271
222 157
1528 1295
2743 3435
4737 2999
710 740
1394 1823
5279 75
4913 4796
348 504
387 1849
842 1710
2373 3951
2598 5067
307 4887
1187 2162
4136 2348
1003 5253
4757 5273
1608 77
2953 1908
4110 4438
3863 4465
3814 4268
2768 2375
3588 4923
3249 3181
1645 5183
3550 2643
4291 5177
838 556
2986 2002
1779 1310
134 3294
946 910
2600 581
74 4721
3304 4436
4676 4704
2263 917
3432 4301
1855 4627
463 252
2508 4450
3543 2088
3382 1615
2928 3488
62 3984
5115 3060
950 3685
2918 2730
294 4497
2653 5268
187 2726
787 2796
3265 4197
2612 3412
3937 4109
499 4406
2696 2667
610 1282
5039 4966
594 2666
52 3410
4264 3245
1770 1810
4502 3544
3198 423
3176 4976
2310 1479
1148 1114
1378 2757
1194 1181
751 3486
1174 1816
3653 3712
436 1180
1764 3642
995 876
2166 2137
4234 5244
579 4230
4461 4918
461 829
3960 4689
3161 4872
2930 3604
1661 4736
2555 2618
5002 3229
4940 2097
3240 2005
1326 4197
691 5103
4490 2995
1313 4044
1513 3085
570 781
2959 1994
1184 1442
4027 3347
1911 3597
1553 3865
2783 4643
4014 3899
2167 2468
4459 2233
3226 548
1163 2010
833 3221
253 4195
1848 3474
1521 2740
1681 3156
1269 3537
3786 97
4236 2170
3557 2293
3754 10
4203 1067
41 3066
5082 4485
336 3232
4374 5008
2266 2160
3418 186
2604 3802
1449 1390
5072 3806
1395 4705
2751 2153
503 1957
17 549
4801 957
5217 4406
4447 3384
4547 37
524 3686
4004 5091
1689 1410
280 1555
3359 3105
4851 3425
777 1859
2642 1763
2448 2099
4316 2732
2801 4474
2139 2765
3654 2746
2644 3389
2996 4730
1581 2180
262 5149
1693 1075
3776 1136
1245 4114
4890 2011
