1000 31
232 958
764 979
812 282
870 846
354 218
923 126
796 552
216 496
766 199
843 981
800 50
741 923
291 561
329 656
450 946
840 924
915 390
972 415
1 794
315 816
902 202
889 293
291 111
549 492
728 15
493 107
273 491
540 961
240 777
56 301
882 806
323 603
288 716
793 481
310 478
192 144
503 719
897 707
5 966
922 837
334 842
436 708
141 827
87 704
516 992
493 30
984 229
54 170
851 118
796 3
878 433
77 750
181 594
435 20
562 497
665 599
138 109
473 156
464 115
36 562
923 62
983 420
154 93
487 709
84 388
312 666
739 810
345 451
902 48
212 809
770 488
468 420
132 784
310 753
843 670
378 600
683 996
86 67
179 429
647 209
166 952
544 3
714 677
308 770
489 529
767 354
817 754
781 207
619 517
324 268
34 92
225 263
965 218
400 415
322 564
277 659
841 645
820 689
94 790
418 127
200 776
782 880
967 633
922 871
292 963
553 502
758 46
543 716
566 42
459 615
40 427
421 165
568 707
920 475
251 211
809 927
681 829
528 848
705 766
454 696
365 832
332 469
408 672
660 910
928 209
607 883
536 708
274 191
253 107
562 942
919 278
999 388
240 9
874 191
308 834
971 828
331 240
770 310
106 554
880 625
10 75
673 748
965 290
749 810
788 32
193 702
825 161
189 265
921 894
562 654
600 911
293 259
605 413
281 34
206 989
486 367
392 746
781 166
83 65
640 561
69 887
934 108
336 512
75 315
671 663
655 545
211 336
263 778
117 905
152 592
997 26
52 685
847 257
680 94
787 794
897 131
205 317
197 639
869 760
183 744
613 507
307 737
145 486
236 802
880 54
86 857
725 319
286 217
766 473
527 742
198 977
967 459
568 521
861 862
219 338
148 530
840 591
558 310
485 357
966 44
390 883
53 393
739 439
520 384
561 960
994 526
867 420
665 45
727 646
165 793
360 431
565 39
992 477
426 674
716 75
55 262
638 655
417 405
733 215
911 556
109 36
877 947
161 927
867 517
972 827
485 555
19 601
915 769
360 337
657 667
630 760
801 691
835 800
181 990
304 589
452 620
275 340
460 864
281 93
963 863
709 381
3 586
369 186
249 470
108 641
969 334
895 551
872 813
747 429
254 12
926 807
299 989
961 959
716 572
181 653
280 503
332 285
440 174
554 484
521 657
427 899
29 907
853 27
702 323
377 472
362 911
802 1000
462 632
645 457
765 21
712 655
873 776
474 102
811 851
984 985
143 570
578 478
641 434
640 896
322 96
751 930
257 829
662 885
413 157
588 499
190 709
574 662
360 346
662 819
759 712
800 128
174 360
945 640
256 561
880 741
786 433
366 107
270 420
250 568
996 673
3 930
291 362
861 483
502 363
728 731
295 437
851 471
507 644
526 708
359 695
414 800
944 458
581 827
614 775
594 850
543 620
804 925
902 905
426 171
711 50
899 83
163 259
703 685
361 371
702 70
3 364
235 214
458 879
798 146
412 402
573 59
872 690
570 964
165 301
69 859
336 774
314 981
485 3
812 342
850 423
976 376
522 321
79 162
364 771
562 111
738 946
404 924
354 14
279 966
196 643
480 367
209 519
456 858
562 420
321 947
388 972
733 904
933 421
973 623
806 216
115 673
291 656
124 374
868 857
954 194
443 783
209 86
513 659
175 498
404 762
901 93
416 709
684 537
152 540
435 897
384 772
687 999
35 666
595 34
854 865
808 666
741 449
87 264
294 321
422 817
228 942
349 132
90 949
991 215
969 286
215 447
335 417
721 323
655 673
827 70
934 193
99 164
596 998
146 532
750 325
406 40
787 92
553 3
81 104
91 224
626 723
445 795
281 469
1000 390
288 831
711 289
158 938
802 998
733 511
387 867
975 889
733 689
241 797
45 688
495 770
16 63
309 667
557 517
750 743
120 952
665 225
352 603
626 349
720 283
416 910
315 242
368 826
702 291
276 810
343 319
46 331
1000 73
479 157
571 323
162 255
113 300
496 608
763 487
182 43
497 973
697 718
722 476
362 487
809 348
933 526
848 147
465 918
106 604
311 142
752 664
72 56
252 278
104 587
922 216
718 319
534 158
159 59
800 531
567 579
914 639
737 908
417 739
314 803
823 955
844 218
277 70
260 587
780 566
164 178
330 344
593 515
339 391
516 640
231 617
837 2
129 963
718 16
130 52
749 453
706 676
383 153
900 45
49 98
328 172
256 218
741 810
261 326
780 510
465 404
294 25
750 284
556 505
733 91
925 656
541 750
601 373
760 246
853 721
92 622
969 497
441 469
617 351
106 111
204 237
36 501
181 132
685 157
648 141
489 415
37 313
930 789
302 617
521 140
339 258
207 940
193 924
607 149
717 854
785 307
735 543
539 545
389 296
158 799
227 80
579 448
622 956
883 371
666 93
609 963
675 72
880 353
61 469
768 991
897 858
416 379
107 44
123 578
861 304
247 909
993 643
315 262
291 722
169 796
202 930
724 165
394 616
184 279
233 244
969 195
370 280
629 215
987 132
874 632
267 869
298 598
350 156
949 353
547 337
50 952
386 773
685 821
726 796
546 595
797 135
356 872
84 679
168 332
20 876
348 230
533 249
792 124
579 362
60 352
782 83
857 82
155 121
957 658
791 31
545 466
300 336
97 584
436 297
663 271
673 319
936 382
610 518
202 196
856 563
261 104
616 194
610 149
203 702
190 303
828 591
506 511
203 498
90 612
195 598
833 106
707 582
139 829
805 44
119 465
733 651
702 24
419 929
415 227
270 11
535 752
729 953
486 608
411 177
203 216
360 401
553 559
549 176
980 438
530 910
913 702
406 410
701 574
426 407
586 107
45 621
428 710
650 987
469 702
932 419
165 561
826 118
266 968
875 910
913 177
962 826
665 583
551 475
740 591
96 279
935 253
458 662
913 716
641 38
402 707
320 44
931 313
649 195
927 897
850 150
982 10
789 399
238 561
926 609
637 60
102 948
122 239
952 353
6 545
26 398
622 550
143 669
32 710
893 142
265 45
104 392
239 319
165 492
692 362
668 10
186 78
595 41
115 827
65 287
220 713
283 503
205 388
710 537
45 880
905 792
766 790
45 698
237 957
110 263
281 860
516 39
586 306
178 595
602 816
678 722
357 970
843 950
561 590
597 508
165 727
134 304
943 650
979 184
469 397
433 815
769 951
744 688
421 963
390 369
776 165
432 644
188 879
548 704
742 585
221 940
422 872
939 552
707 702
58 848
452 393
818 50
26 682
9 372
106 347
613 223
409 106
508 673
652 699
627 93
896 13
17 803
767 864
795 415
673 704
28 305
350 22
765 881
737 235
988 850
915 455
597 761
350 866
705 293
251 989
118 397
888 288
497 695
879 211
500 328
879 291
74 897
533 457
614 291
779 898
165 703
41 344
186 523
725 661
100 200
251 829
883 924
555 756
126 467
4 288
799 243
721 233
274 691
437 105
3 51
986 407
268 189
674 248
480 634
573 95
593 458
669 620
707 796
392 852
744 430
521 327
879 28
724 909
374 618
981 966
700 288
151 175
340 291
606 32
341 909
412 693
826 886
210 694
383 458
585 318
554 433
103 606
88 553
206 694
318 668
71 267
799 793
923 780
793 345
912 561
143 213
519 713
891 90
76 704
18 952
912 730
380 255
216 542
424 628
104 848
3 47
718 396
67 707
991 146
771 985
639 34
741 426
277 892
109 125
245 707
854 704
431 898
199 419
959 44
19 503
643 64
216 97
165 162
737 755
508 824
636 281
624 590
542 732
797 734
71 474
849 315
272 199
747 306
436 66
415 736
101 536
382 93
46 57
930 644
855 381
161 59
888 418
706 52
541 715
642 613
274 444
160 142
385 10
102 737
533 193
492 514
836 526
822 818
425 510
494 224
877 424
635 768
202 273
190 872
902 377
463 520
981 757
974 9
850 729
631 806
575 815
291 558
171 7
68 353
845 386
890 433
375 790
750 561
429 672
193 874
823 716
234 704
699 256
812 465
569 370
916 292
716 271
177 898
901 144
887 304
504 93
962 482
183 137
538 843
167 597
280 3
160 580
790 741
881 845
26 568
579 302
839 746
135 887
872 958
390 23
837 365
394 860
928 222
640 830
187 261
328 721
218 490
644 931
233 339
355 650
321 924
142 579
61 906
877 576
254 313
838 928
358 89
897 941
52 395
323 133
314 461
217 201
331 316
283 266
41 846
560 50
995 880
157 198
136 897
464 454
677 681
946 364
267 492
33 698
933 783
237 20
896 577
579 49
563 104
275 525
917 763
336 46
903 480
865 884
907 23
322 376
242 978
726 219
121 674
479 252
739 686
421 920
345 8
487 132
611 594
694 937
535 433
116 808
226 716
853 537
894 293
446 483
353 707
208 873
142 185
502 358
338 114
360 463
887 218
279 745
166 980
180 332
389 92
111 728
269 317
791 452
112 600
733 288
930 392
173 279
509 326
311 967
510 499
814 223
333 168
43 311
295 673
85 702
765 796
656 442
645 524
542 403
922 2
477 3
249 2
665 2
874 1
435 2
721 3
45 1
636 1
140 3
939 3
605 3
64 1
130 1
391 3
595 1
33 3
846 1
701 3
746 3
37 1
375 3
655 2
740 1
783 1
6 3
515 1
627 1
210 2
531 3
178 2


10 3
6 5
3 5
5 9
4 1
4 5
8 4
9 10
5 2
2 7
10 2
5 2
6 3
ans = 128 (correct)


4 1
1 4
2 4
3 4
4 3
ans = 8

ans = 128
10 2
1 2
1 3
2 4
2 5
2 6
6 7
7 8
7 9
7 10
2 3
7 1

ans = 4
5 2
1 2
2 3
2 4
2 5
1 2
5 3

ans = 1
3 2
1 2
2 3
1 1
3 3

5 1
1 2
1 3
1 4
2 5
4 3
ans = 16

8 1
1 2
1 3
3 4
4 5
3 6
6 7
6 8
6 3
mine, ans = 128, correct:

3 1
1 3
2 3
3 3
ans = 4 (correct)

4 1
1 2
1 3
1 4
4 3
sample: (ans = 8, correct)