500 300
203314577 -41877717
203314378 -41877902
203314460 -41878099
203314946 -41877913
203315043 -41877936
203314127 -41878233
203314972 -41878379
203314381 -41877035
203315043 -41877057
203315557 -41877859
203313608 -41878369
203313570 -41877134
203314838 -41876545
203313785 -41876648
203315789 -41876958
203314504 -41876216
203316256 -41877899
203313286 -41876541
203315147 -41879621
203314868 -41875839
203316060 -41876347
203313900 -41879914
203313521 -41879868
203312202 -41877360
203313742 -41875452
203317118 -41877363
203311915 -41877262
203317345 -41878086
203312595 -41879949
203313986 -41880760
203311458 -41877818
203316457 -41880390
203313715 -41874624
203315660 -41874599
203315884 -41881054
203314506 -41874215
203316133 -41881163
203312576 -41881057
203310767 -41878732
203318524 -41878332
203312269 -41881217
203317587 -41874906
203311364 -41874936
203317594 -41881000
203310167 -41876830
203309994 -41877240
203317849 -41874460
203309932 -41876533
203317560 -41881687
203319037 -41880037
203312451 -41882460
203319709 -41878526
203310890 -41881641
203311174 -41873607
203309351 -41876043
203319644 -41880159
203310267 -41874063
203319549 -41880769
203319652 -41880791
203320523 -41877165
203310507 -41882376
203309201 -41874693
203318825 -41882450
203320270 -41880702
203309641 -41882067
203311758 -41883791
203317493 -41871792
203308344 -41875054
203310754 -41872058
203313057 -41884652
203308497 -41874118
203321758 -41877875
203318368 -41884042
203316671 -41884907
203319688 -41883286
203312107 -41870621
203313298 -41870219
203322356 -41877991
203315016 -41885702
203319993 -41871945
203321731 -41881577
203306906 -41874867
203320977 -41872553
203306593 -41880484
203317148 -41885911
203306505 -41880834
203305909 -41876872
203318058 -41869741
203305795 -41876259
203307324 -41872460
203317251 -41869123
203321776 -41872110
203318229 -41886360
203323048 -41873780
203323867 -41875920
203305922 -41873622
203314611 -41887515
203317008 -41868326
203320941 -41885382
203322871 -41872257
203323568 -41882378
203313003 -41867734
203323168 -41872162
203315393 -41888181
203324046 -41873318
203324863 -41880300
203324377 -41873563
203308398 -41868944
203325094 -41880609
203319507 -41887639
203303567 -41876266
203322812 -41885385
203313442 -41866570
203304820 -41883741
203304052 -41873138
203325204 -41873207
203321781 -41868611
203324755 -41883753
203314564 -41865915
203305613 -41885814
203309777 -41866699
203302906 -41874199
203312449 -41889933
203323090 -41868817
203302185 -41879592
203314917 -41890410
203302672 -41882288
203312669 -41865155
203327135 -41880683
203303213 -41871468
203305749 -41868119
203324714 -41886247
203309909 -41890276
203301582 -41874470
203306795 -41888860
203315720 -41891365
203302463 -41871380
203311763 -41891329
203325256 -41868940
203304297 -41868291
203300942 -41881477
203302471 -41885267
203313409 -41863561
203319653 -41891283
203321146 -41864898
203309712 -41891587
203324793 -41888367
203308337 -41864386
203303211 -41887471
203325330 -41867377
203328422 -41883797
203328181 -41884557
203300908 -41884727
203306123 -41890700
203329106 -41872465
203327332 -41868860
203301183 -41869593
203302600 -41888142
203303610 -41866285
203303131 -41866616
203330330 -41874581
203313364 -41893971
203312890 -41861601
203312029 -41894019
203319844 -41862185
203329044 -41885921
203297898 -41876659
203302332 -41889337
203303490 -41890586
203300754 -41887737
203331658 -41877685
203322060 -41862337
203321216 -41861848
203313028 -41860482
203331988 -41879382
203303164 -41864401
203331706 -41882200
203325758 -41891650
203307049 -41894064
203298387 -41885721
203332526 -41879993
203301003 -41889960
203296258 -41877726
203297262 -41884091
203311777 -41859525
203297070 -41884150
203303825 -41893128
203307233 -41895129
203323800 -41861329
203333350 -41875009
203332186 -41870461
203320391 -41859523
203315993 -41897062
203305296 -41860769
203332000 -41886533
203333540 -41882696
203314803 -41858117
203297502 -41867758
203297133 -41887426
203329508 -41891100
203334576 -41875999
203296945 -41887705
203333311 -41870041
203320676 -41858354
203326128 -41894738
203334218 -41871662
203295488 -41885867
203321678 -41897358
203331960 -41889390
203315259 -41856827
203299362 -41863177
203330669 -41891595
203328234 -41894145
203329898 -41892736
203294432 -41870251
203328845 -41861615
203294779 -41868888
203332550 -41865506
203324041 -41897555
203296858 -41890880
203330755 -41862780
203331135 -41892582
203321725 -41898932
203330976 -41893053
203319687 -41855907
203311486 -41900205
203326826 -41896914
203292425 -41872342
203328763 -41859853
203294327 -41866874
203301479 -41858775
203327247 -41858392
203337855 -41877445
203294933 -41865071
203299645 -41859653
203328185 -41897083
203291733 -41871434
203335627 -41888885
203300948 -41897461
203298892 -41859634
203326474 -41856867
203338284 -41873049
203314469 -41853515
203338564 -41873447
203335141 -41891104
203305988 -41900874
203327314 -41856664
203301102 -41856983
203320577 -41901976
203339446 -41880183
203338037 -41886690
203335659 -41891592
203331771 -41896357
203313689 -41903200
203320724 -41902558
203336797 -41865134
203289231 -41873453
203296866 -41896594
203289637 -41884869
203295203 -41895175
203339338 -41869619
203334713 -41894554
203318552 -41903810
203339488 -41869128
203306681 -41852513
203332314 -41858008
203336289 -41893327
203315341 -41904604
203339770 -41868435
203289149 -41886946
203334562 -41859533
203318918 -41850967
203291188 -41891926
203296000 -41857657
203314036 -41850320
203286970 -41876985
203340196 -41867329
203290484 -41863912
203328985 -41901696
203331108 -41900400
203291664 -41861521
203319663 -41905549
203316085 -41906074
203310885 -41849653
203286369 -41882012
203287220 -41886218
203297237 -41854931
203343351 -41878470
203327320 -41851886
203337696 -41895297
203292459 -41896748
203318574 -41848892
203321257 -41906339
203292262 -41858652
203308774 -41848888
203340060 -41862788
203285108 -41881664
203326780 -41850637
203330483 -41903121
203288034 -41891831
203312224 -41907824
203343675 -41885831
203324237 -41906528
203300909 -41850651
203300598 -41850697
203343364 -41867491
203327510 -41905649
203291143 -41857806
203284155 -41872296
203297264 -41903543
203316880 -41846802
203336337 -41900156
203285849 -41865345
203345951 -41878467
203334081 -41853094
203345080 -41885998
203284070 -41886498
203282765 -41877162
203345174 -41886774
203308832 -41909299
203289349 -41857942
203285205 -41891053
203345240 -41887910
203328268 -41848459
203345735 -41886992
203318478 -41845451
203311438 -41845264
203282158 -41872709
203286392 -41860812
203340683 -41857653
203345874 -41867095
203333868 -41850809
203345375 -41865198
203334903 -41904304
203281460 -41872639
203289006 -41855996
203342899 -41896049
203305204 -41845335
203319855 -41911299
203289711 -41854607
203347018 -41888263
203348643 -41875008
203313825 -41843523
203288722 -41855102
203348993 -41875698
203286953 -41856956
203295319 -41848937
203281737 -41889383
203341965 -41899422
203304115 -41844409
203309002 -41843158
203306342 -41843587
203338011 -41904198
203320159 -41842861
203279775 -41870716
203329734 -41910018
203280243 -41867969
203310779 -41913415
203304496 -41843354
203339051 -41904199
203333473 -41908563
203293704 -41848225
203350563 -41873199
203343956 -41899280
203325412 -41842966
203277972 -41876804
203306072 -41842110
203342772 -41854188
203323787 -41913542
203348776 -41863740
203277512 -41875807
203312379 -41914951
203347773 -41860843
203313333 -41915195
203340925 -41851150
203346927 -41858684
203338259 -41848497
203277453 -41870598
203290197 -41906848
203351614 -41869399
203318774 -41915681
203347339 -41897427
203297593 -41843477
203288858 -41906347
203339303 -41848320
203324390 -41915142
203277505 -41866644
203282389 -41899509
203276105 -41883697
203314218 -41916814
203276481 -41868930
203289206 -41847917
203346878 -41855456
203275362 -41873814
203311692 -41838419
203302732 -41840022
203353926 -41882936
203276606 -41889803
203280974 -41856271
203319482 -41917511
203283790 -41903532
203347170 -41901320
203274343 -41880425
203298744 -41914991
203289814 -41909877
203287941 -41908473
203319899 -41918163
203324005 -41917506
203346775 -41852618
203279963 -41855811
203332693 -41914698
203343375 -41907260
203296033 -41840903
203339775 -41844981
203273094 -41879532
203274081 -41868214
203353009 -41893953
203355044 -41888215
203353766 -41863038
203273818 -41867604
203303728 -41918498
203272721 -41883335
203333251 -41915761
203328898 -41917716
203357040 -41876563
203351306 -41856267
203348595 -41852032
203357145 -41882084
203285806 -41909654
203271688 -41881162
203315572 -41920903
203316211 -41834647
203277567 -41855308
203310729 -41834584
203353906 -41896362
203355256 -41862174
203349955 -41903441
203301245 -41919543
203339366 -41914033
203358528 -41876183
203348416 -41849559
203292855 -41916320
203346696 -41908305
203273841 -41860109
203331993 -41918757
203280960 -41848483
203350329 -41904621
203314792 -41922614
203289145 -41840799
203357772 -41890367
203325295 -41834012
203357148 -41862679
203269777 -41870979
203358890 -41868025
203343397 -41913009
203269297 -41872264
203348068 -41846741
203359088 -41888525
203269784 -41867712
203315165 -41923811
203269033 -41870556
203323664 -41832521
203360843 -41878976
203349905 -41907874
203268339 -41872708
203356199 -41898734
203358618 -41893293
203279893 -41846373
203281762 -41911341
203326765 -41923202
203278522 -41847487
203310836 -41924868
203268735 -41866089
203309255 -41830713
203336876 -41835885
203307347 -41830764
203287404 -41917032
203357834 -41857517
203361867 -41870312
203362558 -41878006
203362075 -41870347
203318558 -41829781
203360133 -41861822
203266158 -41878028
203308065 -41829752
203356071 -41903086
203362922 -41883530
203276885 -41846796
203349223 -41912305
203268356 -41861495
203345265 -41839502
203285580 -41838054
203289298 -41920152
203346409 -41840055
203318264 -41828454
203344496 -41838269
203360246 -41858253
203334535 -41832197
203265520 -41887048
203296484 -41924434
1 203269419 -41856078
2 98669047 232475852 10312743077671015
1 203290471 -41921973
1 203341323 -41920521
1 203364293 -41886571
1 203331388 -41830096
2 -86716174 237193819 -27576270017117901
2 41814171 -249062598 18918854587774827
1 203308351 -41827396
2 250422285 -32699872 52296691627057340
2 -228462681 107635522 -50963597189457052
1 203360992 -41856483
1 203269179 -41901526
1 203279373 -41840483
2 -4171005 -252513772 9714067497158225
2 18488215 -251870579 14293898953165749
2 176144504 180979877 28246144345912901
2 152835108 -201052312 39505036738026096
1 203352586 -41912692
1 203262869 -41878871
2 -171712266 -185190442 -27168748788167844
1 203297882 -41828667
1 203274040 -41910408
2 -230672160 -102815160 -42606238287700439
1 203366658 -41877934
1 203265863 -41859009
2 244149143 64589461 46921422367800476
1 203307036 -41929672
1 203340743 -41923319
2 166747092 189673429 25946064252942648
2 -146929976 205407363 -38486759094551953
2 56076961 246243735 1075921688192675
1 203284080 -41834822
2 -251244675 25626467 -52141920967151332
2 -190396533 -165920953 -31774360275652438
2 -205039633 -147442705 -35519054480344890
2 -231902147 -100009983 -42973949410256498
2 67040236 -243487595 23813899517466018
2 -250017607 35662283 -52334539604084119
1 203284954 -41833733
1 203356179 -41844679
2 -137934600 211552945 -36890078232502085
2 -90483772 235782293 -28283813711913062
2 -201037972 -152853970 -34459628514727120
2 -152417589 201369017 -39424622933775663
2 -205580140 146688134 -47927644494060026
2 -249537184 38881826 -52375833699838555
2 -162390087 193416809 -41126607404825855
2 246380212 55474262 47782372829036789
2 -236881754 -87565043 -44481650729704348
2 234844536 -92890508 51638240588712680
2 -121127117 221605108 -33893889327005783
1 203356390 -41911326
2 -48361580 247874484 -20225753813814788
2 96752860 233279846 9898515296608100
2 191208196 -164984933 45778590754036065
2 -188900540 -167622159 -31373462850450727
1 203302451 -41825190
2 249856368 -36774961 52326512376276613
2 -250710477 -30411495 -49686531767356369
2 31541763 250570788 -4093919899846389
2 49388261 247671965 -324238978509340
2 -187595807 -169081091 -31065888679038423
2 -252427783 -7798509 -51008809169858809
1 203317363 -41932243
1 203281693 -41921416
2 -179724631 -177425081 -29123818671350951
2 61936382 -244835633 22859249120015484
2 -249638397 38226606 -52368977789479231
1 203285937 -41831201
2 42265232 248986451 -1833904378685084
2 -243733535 66140503 -52311283244157231
2 -233933274 -95162102 -43583520692920992
2 34333803 250203502 -3484662707764228
2 168558483 188065521 26407867683703698
2 -32750307 250415694 -17131901664634317
2 240793157 -76152858 52158151984768991
2 219585217 -124751493 49856152503797709
1 203369509 -41881870
2 225039231 -114620883 50540882031597510
1 203317495 -41933037
1 203341705 -41926108
2 59037181 245550837 1706011492421222
2 -117959971 -223307070 -14640546483210568
1 203260653 -41863790
2 229117371 106234801 42147071962611530
2 -71828111 242118411 -24729479559573152
1 203347019 -41923201
2 175890732 181226523 28185101499811911
2 -224780025 115128375 -50535637284585000
2 221016716 -122197437 50063558301129965
2 141645806 -209086270 37549595020848610
2 6350727 252468356 -9272627101802101
2 164369623 191737397 25402388647189953
1 203300078 -41823513
1 203282139 -41923844
1 203369124 -41863548
2 225646435 113420849 41140724988950661
1 203370740 -41884678
2 -251494177 -23049543 -50153929414969612
2 240090240 -78340787 52088966534593461
2 208075137 -143127005 48304161563296541
2 1470260 252543938 -10263370701333913
2 209800310 140586032 36754748905516081
2 29835753 -250779645 16554096654881618
1 203337255 -41825638
1 203354434 -41837086
1 203263968 -41851337
2 242220441 -71483287 52226359102474606
2 220880517 -122443455 50023273286950071
2 247441998 -50527817 52422832017147924
1 203284376 -41926639
2 151428463 -202113886 39237943579581918
1 203369382 -41860479
2 -130717174 -216087073 -17541691650739795
1 203363845 -41848006
2 74681684 -241253494 25272860824975774
2 -237152458 -86829224 -44567508448496158
2 -231032628 102002585 -51257621948397349
2 95068262 -233971426 29140853761856718
2 90852094 235640615 8594170062871362
2 104770191 -229790795 30912871010580677
2 -201462663 152293788 -47332084045448565
1 203365420 -41849940
1 203371978 -41886678
2 -33371105 250333721 -17269391086005204
1 203305328 -41820250
1 203308218 -41819760
2 -191075064 -165139099 -31947022804408262
2 216105823 -130686173 49423878328331187
1 203316229 -41936291
2 -214900765 132658447 -49238495528112492
1 203291580 -41931831
1 203255774 -41879189
1 203256070 -41870862
2 -148924952 203965588 -38834335386725276
2 -172989738 -183997698 -27459137503191552
2 217633915 -128125257 49603147454472453
1 203263958 -41847087
2 213548688 134824184 37765290763973288
1 203257054 -41862929
2 195728527 -159596197 46463191032258004
2 -249935747 36231546 -52344371035196456
1 203338860 -41823395
1 203299899 -41935687
2 75048091 -241139765 25346462467367468
2 238771502 82272548 45114844533121271
2 -26113605 251194510 -15843182304549775
2 251219371 -25873342 52145201189692775
2 -37324244 -249774905 2861375855887768
1 203363765 -41912321
1 203273428 -41921774
1 203331662 -41935638
1 203369194 -41903566
2 -149983514 203188455 -38989087644168996
2 88687100 -236463952 27949162132081576
2 -195062566 -160409469 -32955857016157456
2 -245820577 57903767 -52388787580353701
2 243827970 -65791516 52343996866502235
2 -218122501 -127291700 -39031424019817421
1 203268546 -41917098
2 252084687 15294215 50597158849141103
2 -252155669 -14075541 -50669469476552646
1 203329673 -41936603
2 -21725221 -251612037 6135258200117064
2 -236738770 -87950879 -44463751426929098
2 -54813999 246527946 -21483857092299765
2 48432369 -247860663 20227970827378746
2 98659089 -232480078 29793793194316073
2 -246253997 -56031876 -47735002016291251
2 -76710834 -240615981 -5504908337991820
2 -166033234 -190298627 -25772488603501853
1 203257175 -41898800
2 212066728 -137143374 48874685351421974
2 232295475 -99092960 51364015454910490
2 -240735128 76336103 -52136819322669144
2 13877595 -252166641 13383883250343822
2 -3761941 252520198 -11354753526382687
1 203280278 -41928755
1 203261469 -41846770
1 203254822 -41862776
2 242693014 -69862031 52253143915871564
2 252519117 3833794 51194727412307095
1 203372220 -41899770
1 203288161 -41821936
2 238104210 84184247 44873905477479732
2 -233802174 95483746 -51549614163344701
2 203141042 150047723 35032375120881019
1 203363278 -41916160
2 251096004 -27044391 52197558115994856
2 154439229 199822739 23046231420960035
2 -33044715 250377014 -17218932531771637
2 58380119 245707884 1574439952887595
2 138915791 -210909946 37060458438042374
1 203368810 -41846986
1 203367891 -41910400
2 -82660613 -238637435 -6797469493535243
2 201737144 151930007 34667584461477461
2 217094264 129037525 38750370625356191
1 203344191 -41822560
1 203254626 -41859055
1 203304633 -41815703
2 -173087425 183905807 -42878316357019103
2 -795308 252546966 -10735435437698006
2 -170779041 186051395 -42523285124174206
2 48380110 247870868 -558963660257427
1 203262429 -41913723
2 79606770 239673454 6163816833450829
1 191074240 39202382
2 -175416913 -181685192 -40640145635148463
2 -205880241 -146266636 -45072411118418791
2 -127110068 -218228397 -32873279060824331
1 191117606 39194663
2 -191633703 164490505 -30167844546727810
2 41545700 249107521 17714861024206064
1 191128929 39197642
2 -209043672 -141708665 -45509508605969967
2 -60756005 245131210 -22633468866115995
1 191159276 39292787
1 191163162 39286366
2 -191458178 164694774 -30110922888641650
2 -248758472 43586980 -45825259344091336
1 191073671 39201556
1 191141526 39203324
2 236144275 -89534818 51776673728232360
2 -172925313 184058247 -25824116140188998
2 23625966 -251440681 -5360715176409891
2 198172537 156551103 44033847840797272
1 191103723 39192552
1 191167375 39278223
2 199721407 -154570250 32102094067920181
1 191115941 39193063
2 233197166 96951968 48387791101052114
2 221096165 -122053629 37475877120086751
1 191140645 39202045
2 -134147441 -213974453 -34024344609224725
2 38916170 -249531830 -2365614164017291
2 -19910365 -251762149 -13698487453615003
1 191095314 39321616
2 248419216 45480718 49246484784266372
2 191664605 164454497 43072066710746459
2 175037275 182050967 27948067879320833
2 196406363 -158761277 46596504888274235
2 -139285546 210665942 -18333089872929171
1 191171159 39265437
2 121941527 221158012 31969223938615021
1 191041862 39271564
2 -248859618 43005732 -52413063260493600
2 -206779956 144991904 -48129072246194397
2 222447791 119572499 47220940582424306
1 191121060 39192932
2 247978163 47827117 49251671336028273
2 -7447419 252438385 8503118366335594
2 -115500057 224589268 -13247708976141120
2 -227387129 109889471 -50848752550673340
2 136895804 -212226627 17815052718793225
2 -112582985 -226065640 -13407249655391630
2 153396552 200624276 37206260765113565
1 191040116 39263901
2 228381645 107807359 47893601060674933
2 249963080 36042491 49326424507252675
1 191171616 39267867
2 107365610 228589650 29505856702752910
2 241926570 72471628 49094815180893034
1 191040280 39246898
1 191059826 39305269
2 25610419 251246311 14744772715934642
2 22405919 -251552335 -5603723184445561
2 216674472 129741188 46517341263088096
2 -35875299 249987130 2969540169340916
2 198248402 156455021 33738839323735275
1 191043435 39281537
2 158262002 -196808895 22501832145616300
2 -99894363 231951975 -9997656751293741
1 191056017 39302489
2 -125607959 219096424 -34728023387856371
2 172526453 184432170 27337907017865427
2 -61179763 245025793 -2056355878489095
1 191107220 39189619
2 -26287385 -251176384 5189031505741694
2 -49391442 -247671330 -19162682530624434
2 -239241834 -80894668 -48913024770733956
1 191158829 39299960
1 191060416 39307599
2 226207630 112297421 47654869815068430
1 191056276 39303658
1 191117084 39324515
2 -190662780 -165614936 -42926029860003356
2 252041406 15991628 50588323103389285
2 -151792879 201840344 -21089909758061136
2 91727637 235301175 8780534231855960
2 134225972 -213925199 17236384110037150
2 -223442625 117702998 -38094990624574023
2 -252255093 -12164316 -48668295267437807
2 -199813059 -154451753 -44265978092177790
1 191094704 39189558
2 201519613 152218422 44473791919753192
1 191049224 39295954
2 242371641 -70968938 43542248408653950
2 249380608 -39873737 46080145225861787
